Tamano  Tiempo(ns)  media_OB  max_OB  min_OB
  1000   408.00    8.00       10     1
  1010   412.67    8.00       10     1
  1020   407.16    9.00       10     1
  1030   407.77    9.00       11     1
  1040   409.04    9.00       11     1
  1050   408.29    9.00       11     1
  1060   412.26    9.00       11     1
  1070   407.01    9.00       11     1
  1080   403.15    9.00       11     1
  1090   411.74    9.00       11     1
  1100   406.45    9.00       11     1
  1110   406.22    9.00       11     1
  1120   411.70    9.00       11     1
  1130   407.88    9.00       11     1
  1140   405.70    9.00       11     1
  1150   410.78    9.00       11     1
  1160   408.28    9.00       11     1
  1170   409.40    9.00       11     1
  1180   408.14    9.00       11     1
  1190   404.96    9.00       11     1
  1200   411.42    9.00       11     1
  1210   407.11    9.00       11     1
  1220   413.77    9.00       11     1
  1230   409.76    9.00       11     1
  1240   410.16    9.00       11     1
  1250   409.12    9.00       11     1
  1260   410.79    9.00       11     1
  1270   409.53    9.00       11     1
  1280   407.03    9.00       11     1
  1290   411.40    9.00       11     1
  1300   411.85    9.00       11     1
  1310   414.35    9.00       11     1
  1320   412.35    9.00       11     1
  1330   409.25    9.00       11     1
  1340   419.48    9.00       11     1
  1350   412.37    9.00       11     1
  1360   410.29    9.00       11     1
  1370   412.48    9.00       11     1
  1380   415.87    9.00       11     1
  1390   410.22    9.00       11     1
  1400   414.79    9.00       11     1
  1410   408.30    9.00       11     1
  1420   404.79    9.00       11     1
  1430   405.45    9.00       11     1
  1440   405.49    9.00       11     1
  1450   405.93    9.00       11     1
  1460   404.18    9.00       11     1
  1470   411.36    9.00       11     1
  1480   416.69    9.00       11     1
  1490   418.32    9.00       11     1
  1500   418.40    9.00       11     1
  1510   419.54    9.00       11     1
  1520   417.37    9.00       11     1
  1530   416.86    9.00       11     1
  1540   415.91    9.00       11     1
  1550   410.45    9.00       11     1
  1560   410.96    9.00       11     1
  1570   408.34    9.00       11     1
  1580   415.95    9.00       11     1
  1590   415.35    9.00       11     1
  1600   415.81    9.00       11     1
  1610   411.49    9.00       11     1
  1620   403.21    9.00       11     1
  1630   410.06    9.00       11     1
  1640   408.72    9.00       11     1
  1650   410.79    9.00       11     1
  1660   414.76    9.00       11     1
  1670   414.79    9.00       11     1
  1680   406.61    9.00       11     1
  1690   415.50    9.00       11     1
  1700   413.94    9.00       11     1
  1710   413.10    9.00       11     1
  1720   418.55    9.00       11     1
  1730   415.72    9.00       11     1
  1740   404.02    9.00       11     1
  1750   412.00    9.00       11     1
  1760   416.82    9.00       11     1
  1770   416.78    9.00       11     1
  1780   414.33    9.00       11     1
  1790   410.34    9.00       11     1
  1800   414.28    9.00       11     1
  1810   417.07    9.00       11     1
  1820   407.75    9.00       11     1
  1830   408.42    9.00       11     1
  1840   411.68    9.00       11     1
  1850   418.65    9.00       11     1
  1860   412.26    9.00       11     1
  1870   409.95    9.00       11     1
  1880   411.44    9.00       11     1
  1890   421.11    9.00       11     1
  1900   418.42    9.00       11     1
  1910   418.12    9.00       11     1
  1920   410.83    9.00       11     1
  1930   416.74    9.00       11     1
  1940   407.73    9.00       11     1
  1950   408.21    9.00       11     1
  1960   413.27    9.00       11     1
  1970   416.80    9.00       11     1
  1980   406.77    9.00       11     1
  1990   407.64    9.00       11     1
  2000   410.90    9.00       11     1
  2010   411.59    9.00       11     1
  2020   403.91    9.00       11     1
  2030   412.27    9.00       11     1
  2040   414.22    10.00       11     1
  2050   417.27    10.00       12     1
  2060   411.02    10.00       12     1
  2070   408.16    10.00       12     1
  2080   415.05    10.00       12     1
  2090   410.62    10.00       12     1
  2100   418.05    10.00       12     1
  2110   418.10    10.00       12     1
  2120   417.17    10.00       12     1
  2130   415.12    10.00       12     1
  2140   408.97    10.00       12     1
  2150   412.09    10.00       12     1
  2160   406.25    10.00       12     1
  2170   412.63    10.00       12     1
  2180   417.25    10.00       12     1
  2190   411.28    10.00       12     1
  2200   410.73    10.00       12     1
  2210   412.49    10.00       12     1
  2220   415.18    10.00       12     1
  2230   414.30    10.00       12     1
  2240   409.82    10.00       12     1
  2250   417.16    10.00       12     1
  2260   410.35    10.00       12     1
  2270   415.07    10.00       12     1
  2280   410.26    10.00       12     1
  2290   408.47    10.00       12     1
  2300   415.83    10.00       12     1
  2310   421.77    10.00       12     1
  2320   420.73    10.00       12     1
  2330   417.25    10.00       12     1
  2340   418.16    10.00       12     1
  2350   421.02    10.00       12     1
  2360   412.75    10.00       12     1
  2370   414.05    10.00       12     1
  2380   410.55    10.00       12     1
  2390   417.07    10.00       12     1
  2400   415.04    10.00       12     1
  2410   414.36    10.00       12     1
  2420   411.40    10.00       12     1
  2430   409.67    10.00       12     1
  2440   421.23    10.00       12     1
  2450   414.73    10.00       12     1
  2460   410.24    10.00       12     1
  2470   411.74    10.00       12     1
  2480   411.98    10.00       12     1
  2490   410.12    10.00       12     1
  2500   406.28    10.00       12     1
  2510   419.28    10.00       12     1
  2520   413.57    10.00       12     1
  2530   418.46    10.00       12     1
  2540   408.03    10.00       12     1
  2550   411.69    10.00       12     1
  2560   412.03    10.00       12     1
  2570   409.73    10.00       12     1
  2580   409.53    10.00       12     1
  2590   417.37    10.00       12     1
  2600   415.15    10.00       12     1
  2610   411.80    10.00       12     1
  2620   413.70    10.00       12     1
  2630   404.49    10.00       12     1
  2640   417.05    10.00       12     1
  2650   412.11    10.00       12     1
  2660   412.44    10.00       12     1
  2670   416.07    10.00       12     1
  2680   410.00    10.00       12     1
  2690   413.01    10.00       12     1
  2700   412.41    10.00       12     1
  2710   417.42    10.00       12     1
  2720   411.91    10.00       12     1
  2730   413.08    10.00       12     1
  2740   411.35    10.00       12     1
  2750   407.64    10.00       12     1
  2760   416.27    10.00       12     1
  2770   417.15    10.00       12     1
  2780   412.37    10.00       12     1
  2790   414.44    10.00       12     1
  2800   413.93    10.00       12     1
  2810   411.00    10.00       12     1
  2820   412.98    10.00       12     1
  2830   417.35    10.00       12     1
  2840   413.17    10.00       12     1
  2850   412.60    10.00       12     1
  2860   407.17    10.00       12     1
  2870   415.64    10.00       12     1
  2880   415.94    10.00       12     1
  2890   414.46    10.00       12     1
  2900   412.24    10.00       12     1
  2910   416.25    10.00       12     1
  2920   419.69    10.00       12     1
  2930   417.13    10.00       12     1
  2940   430.07    10.00       12     1
  2950   417.42    10.00       12     1
  2960   415.91    10.00       12     1
  2970   415.02    10.00       12     1
  2980   414.30    10.00       12     1
  2990   413.48    10.00       12     1
  3000   408.90    10.00       12     1
  3010   415.15    10.00       12     1
  3020   411.23    10.00       12     1
  3030   416.07    10.00       12     1
  3040   414.08    10.00       12     1
  3050   411.34    10.00       12     1
  3060   423.04    10.00       12     1
  3070   415.02    10.00       12     1
  3080   410.06    10.00       12     1
  3090   414.21    10.00       12     1
  3100   412.10    10.00       12     1
  3110   414.79    10.00       12     1
  3120   415.58    10.00       12     1
  3130   414.89    10.00       12     1
  3140   413.22    10.00       12     1
  3150   413.05    10.00       12     1
  3160   419.46    10.00       12     1
  3170   410.38    10.00       12     1
  3180   415.91    10.00       12     1
  3190   442.85    10.00       12     1
  3200   415.19    10.00       12     1
  3210   413.80    10.00       12     1
  3220   412.95    10.00       12     1
  3230   411.80    10.00       12     1
  3240   414.44    10.00       12     1
  3250   411.78    10.00       12     1
  3260   415.28    10.00       12     1
  3270   415.84    10.00       12     1
  3280   412.47    10.00       12     1
  3290   413.13    10.00       12     1
  3300   415.06    10.00       12     1
  3310   414.68    10.00       12     1
  3320   411.14    10.00       12     1
  3330   416.10    10.00       12     1
  3340   414.82    10.00       12     1
  3350   414.51    10.00       12     1
  3360   414.97    10.00       12     1
  3370   415.25    10.00       12     1
  3380   414.02    10.00       12     1
  3390   417.37    10.00       12     1
  3400   417.35    10.00       12     1
  3410   418.77    10.00       12     1
  3420   409.30    10.00       12     1
  3430   415.63    10.00       12     1
  3440   415.73    10.00       12     1
  3450   418.72    10.00       12     1
  3460   416.33    10.00       12     1
  3470   412.65    10.00       12     1
  3480   416.12    10.00       12     1
  3490   420.37    10.00       12     1
  3500   412.40    10.00       12     1
  3510   413.22    10.00       12     1
  3520   414.43    10.00       12     1
  3530   414.19    10.00       12     1
  3540   410.79    10.00       12     1
  3550   416.96    10.00       12     1
  3560   413.01    10.00       12     1
  3570   423.08    10.00       12     1
  3580   414.50    10.00       12     1
  3590   413.37    10.00       12     1
  3600   419.83    10.00       12     1
  3610   411.99    10.00       12     1
  3620   414.53    10.00       12     1
  3630   415.32    10.00       12     1
  3640   415.49    10.00       12     1
  3650   416.36    10.00       12     1
  3660   414.21    10.00       12     1
  3670   413.08    10.00       12     1
  3680   420.41    10.00       12     1
  3690   416.50    10.00       12     1
  3700   413.51    10.00       12     1
  3710   416.63    10.00       12     1
  3720   411.91    10.00       12     1
  3730   415.52    10.00       12     1
  3740   414.97    10.00       12     1
  3750   415.04    10.00       12     1
  3760   414.12    10.00       12     1
  3770   416.66    10.00       12     1
  3780   412.43    10.00       12     1
  3790   415.20    10.00       12     1
  3800   418.79    10.00       12     1
  3810   416.51    10.00       12     1
  3820   415.65    10.00       12     1
  3830   411.88    10.00       12     1
  3840   412.16    10.00       12     1
  3850   416.83    10.00       12     1
  3860   412.82    10.00       12     1
  3870   416.82    10.00       12     1
  3880   413.07    10.00       12     1
  3890   414.06    10.00       12     1
  3900   413.15    10.00       12     1
  3910   415.73    10.00       12     1
  3920   416.94    10.00       12     1
  3930   415.60    10.00       12     1
  3940   413.86    10.00       12     1
  3950   412.00    10.00       12     1
  3960   411.01    10.00       12     1
  3970   414.61    10.00       12     1
  3980   418.02    10.00       12     1
  3990   413.86    10.00       12     1
  4000   414.23    10.00       12     1
  4010   415.56    10.00       12     1
  4020   416.69    10.00       12     1
  4030   419.40    10.00       12     1
  4040   414.60    10.00       12     1
  4050   413.09    10.00       12     1
  4060   416.06    10.00       12     1
  4070   416.49    10.00       12     1
  4080   410.00    10.00       12     1
  4090   411.54    11.00       12     1
  4100   411.46    11.00       13     1
  4110   412.12    11.00       13     1
  4120   416.84    11.00       13     1
  4130   412.71    11.00       13     1
  4140   412.00    11.00       13     1
  4150   414.94    11.00       13     1
  4160   412.96    11.00       13     1
  4170   414.94    11.00       13     1
  4180   413.18    11.00       13     1
  4190   420.31    11.00       13     1
  4200   416.69    11.00       13     1
  4210   411.62    11.00       13     1
  4220   414.22    11.00       13     1
  4230   420.57    11.00       13     1
  4240   416.23    11.00       13     1
  4250   413.69    11.00       13     1
  4260   416.38    11.00       13     1
  4270   413.21    11.00       13     1
  4280   416.64    11.00       13     1
  4290   417.39    11.00       13     1
  4300   424.16    11.00       13     1
  4310   414.90    11.00       13     1
  4320   415.53    11.00       13     1
  4330   415.57    11.00       13     1
  4340   412.95    11.00       13     1
  4350   412.09    11.00       13     1
  4360   414.31    11.00       13     1
  4370   424.90    11.00       13     1
  4380   426.26    11.00       13     1
  4390   424.42    11.00       13     1
  4400   412.57    11.00       13     1
  4410   413.45    11.00       13     1
  4420   414.57    11.00       13     1
  4430   413.63    11.00       13     1
  4440   416.53    11.00       13     1
  4450   415.39    11.00       13     1
  4460   410.54    11.00       13     1
  4470   414.77    11.00       13     1
  4480   415.29    11.00       13     1
  4490   416.77    11.00       13     1
  4500   416.40    11.00       13     1
  4510   415.01    11.00       13     1
  4520   413.83    11.00       13     1
  4530   415.76    11.00       13     1
  4540   414.82    11.00       13     1
  4550   416.88    11.00       13     1
  4560   416.43    11.00       13     1
  4570   413.57    11.00       13     1
  4580   416.64    11.00       13     1
  4590   415.08    11.00       13     1
  4600   416.30    11.00       13     1
  4610   414.25    11.00       13     1
  4620   418.48    11.00       13     1
  4630   416.52    11.00       13     1
  4640   417.52    11.00       13     1
  4650   414.92    11.00       13     1
  4660   416.65    11.00       13     1
  4670   416.79    11.00       13     1
  4680   412.95    11.00       13     1
  4690   417.59    11.00       13     1
  4700   417.45    11.00       13     1
  4710   413.91    11.00       13     1
  4720   413.31    11.00       13     1
  4730   418.82    11.00       13     1
  4740   417.11    11.00       13     1
  4750   416.02    11.00       13     1
  4760   415.48    11.00       13     1
  4770   416.58    11.00       13     1
  4780   415.54    11.00       13     1
  4790   415.55    11.00       13     1
  4800   414.38    11.00       13     1
  4810   417.15    11.00       13     1
  4820   416.45    11.00       13     1
  4830   414.97    11.00       13     1
  4840   417.36    11.00       13     1
  4850   416.70    11.00       13     1
  4860   415.19    11.00       13     1
  4870   416.71    11.00       13     1
  4880   416.37    11.00       13     1
  4890   414.27    11.00       13     1
  4900   414.78    11.00       13     1
  4910   415.07    11.00       13     1
  4920   416.12    11.00       13     1
  4930   415.98    11.00       13     1
  4940   416.44    11.00       13     1
  4950   416.79    11.00       13     1
  4960   417.18    11.00       13     1
  4970   417.67    11.00       13     1
  4980   416.39    11.00       13     1
  4990   415.01    11.00       13     1
  5000   417.48    11.00       13     1
  5010   417.11    11.00       13     1
  5020   418.01    11.00       13     1
  5030   415.63    11.00       13     1
  5040   416.29    11.00       13     1
  5050   419.09    11.00       13     1
  5060   416.42    11.00       13     1
  5070   416.77    11.00       13     1
  5080   416.65    11.00       13     1
  5090   415.78    11.00       13     1
  5100   417.31    11.00       13     1
  5110   415.68    11.00       13     1
  5120   415.39    11.00       13     1
  5130   417.50    11.00       13     1
  5140   415.86    11.00       13     1
  5150   417.09    11.00       13     1
  5160   417.46    11.00       13     1
  5170   414.58    11.00       13     1
  5180   416.81    11.00       13     1
  5190   417.71    11.00       13     1
  5200   418.37    11.00       13     1
  5210   417.04    11.00       13     1
  5220   418.81    11.00       13     1
  5230   416.60    11.00       13     1
  5240   418.97    11.00       13     1
  5250   415.87    11.00       13     1
  5260   417.00    11.00       13     1
  5270   425.26    11.00       13     1
  5280   415.47    11.00       13     1
  5290   417.94    11.00       13     1
  5300   416.89    11.00       13     1
  5310   416.40    11.00       13     1
  5320   418.46    11.00       13     1
  5330   417.15    11.00       13     1
  5340   418.31    11.00       13     1
  5350   424.47    11.00       13     1
  5360   416.38    11.00       13     1
  5370   419.18    11.00       13     1
  5380   417.81    11.00       13     1
  5390   416.72    11.00       13     1
  5400   418.15    11.00       13     1
  5410   416.73    11.00       13     1
  5420   417.56    11.00       13     1
  5430   416.61    11.00       13     1
  5440   418.47    11.00       13     1
  5450   418.61    11.00       13     1
  5460   418.42    11.00       13     1
  5470   417.99    11.00       13     1
  5480   417.48    11.00       13     1
  5490   418.65    11.00       13     1
  5500   417.38    11.00       13     1
  5510   418.37    11.00       13     1
  5520   418.91    11.00       13     1
  5530   419.48    11.00       13     1
  5540   418.66    11.00       13     1
  5550   417.60    11.00       13     1
  5560   417.59    11.00       13     1
  5570   417.63    11.00       13     1
  5580   418.49    11.00       13     1
  5590   417.53    11.00       13     1
  5600   417.75    11.00       13     1
  5610   418.02    11.00       13     1
  5620   418.43    11.00       13     1
  5630   417.53    11.00       13     1
  5640   415.05    11.00       13     1
  5650   418.81    11.00       13     1
  5660   418.78    11.00       13     1
  5670   418.84    11.00       13     1
  5680   417.83    11.00       13     1
  5690   418.98    11.00       13     1
  5700   417.81    11.00       13     1
  5710   418.02    11.00       13     1
  5720   418.16    11.00       13     1
  5730   418.13    11.00       13     1
  5740   418.48    11.00       13     1
  5750   418.68    11.00       13     1
  5760   417.66    11.00       13     1
  5770   417.57    11.00       13     1
  5780   419.39    11.00       13     1
  5790   418.77    11.00       13     1
  5800   418.88    11.00       13     1
  5810   418.83    11.00       13     1
  5820   418.78    11.00       13     1
  5830   418.06    11.00       13     1
  5840   418.96    11.00       13     1
  5850   416.97    11.00       13     1
  5860   417.87    11.00       13     1
  5870   418.40    11.00       13     1
  5880   418.03    11.00       13     1
  5890   418.88    11.00       13     1
  5900   417.07    11.00       13     1
  5910   418.60    11.00       13     1
  5920   418.34    11.00       13     1
  5930   418.62    11.00       13     1
  5940   418.57    11.00       13     1
  5950   418.64    11.00       13     1
  5960   419.93    11.00       13     1
  5970   418.49    11.00       13     1
  5980   417.47    11.00       13     1
  5990   419.65    11.00       13     1
  6000   417.62    11.00       13     1
  6010   417.65    11.00       13     1
  6020   419.42    11.00       13     1
  6030   418.23    11.00       13     1
  6040   420.28    11.00       13     1
  6050   418.15    11.00       13     1
  6060   417.77    11.00       13     1
  6070   417.61    11.00       13     1
  6080   417.12    11.00       13     1
  6090   417.16    11.00       13     1
  6100   418.39    11.00       13     1
  6110   418.33    11.00       13     1
  6120   418.10    11.00       13     1
  6130   418.37    11.00       13     1
  6140   418.63    11.00       13     1
  6150   417.48    11.00       13     1
  6160   419.37    11.00       13     1
  6170   421.13    11.00       13     1
  6180   416.08    11.00       13     1
  6190   417.93    11.00       13     1
  6200   419.39    11.00       13     1
  6210   419.69    11.00       13     1
  6220   421.72    11.00       13     1
  6230   418.30    11.00       13     1
  6240   419.28    11.00       13     1
  6250   418.58    11.00       13     1
  6260   422.25    11.00       13     1
  6270   418.85    11.00       13     1
  6280   419.87    11.00       13     1
  6290   418.81    11.00       13     1
  6300   418.87    11.00       13     1
  6310   418.26    11.00       13     1
  6320   419.11    11.00       13     1
  6330   418.96    11.00       13     1
  6340   418.97    11.00       13     1
  6350   418.38    11.00       13     1
  6360   418.63    11.00       13     1
  6370   419.42    11.00       13     1
  6380   418.35    11.00       13     1
  6390   418.67    11.00       13     1
  6400   419.75    11.00       13     1
  6410   421.14    11.00       13     1
  6420   418.22    11.00       13     1
  6430   417.64    11.00       13     1
  6440   418.90    11.00       13     1
  6450   418.45    11.00       13     1
  6460   418.62    11.00       13     1
  6470   418.79    11.00       13     1
  6480   417.69    11.00       13     1
  6490   418.83    11.00       13     1
  6500   418.26    11.00       13     1
  6510   419.17    11.00       13     1
  6520   418.94    11.00       13     1
  6530   418.33    11.00       13     1
  6540   420.40    11.00       13     1
  6550   419.74    11.00       13     1
  6560   418.73    11.00       13     1
  6570   419.79    11.00       13     1
  6580   417.78    11.00       13     1
  6590   419.89    11.00       13     1
  6600   419.29    11.00       13     1
  6610   419.06    11.00       13     1
  6620   418.26    11.00       13     1
  6630   419.25    11.00       13     1
  6640   418.73    11.00       13     1
  6650   419.08    11.00       13     1
  6660   417.93    11.00       13     1
  6670   418.22    11.00       13     1
  6680   418.94    11.00       13     1
  6690   419.58    11.00       13     1
  6700   420.13    11.00       13     1
  6710   419.51    11.00       13     1
  6720   418.62    11.00       13     1
  6730   418.14    11.00       13     1
  6740   419.61    11.00       13     1
  6750   419.05    11.00       13     1
  6760   418.05    11.00       13     1
  6770   418.46    11.00       13     1
  6780   419.51    11.00       13     1
  6790   418.13    11.00       13     1
  6800   418.34    11.00       13     1
  6810   418.62    11.00       13     1
  6820   418.77    11.00       13     1
  6830   420.23    11.00       13     1
  6840   418.70    11.00       13     1
  6850   419.77    11.00       13     1
  6860   417.04    11.00       13     1
  6870   419.29    11.00       13     1
  6880   419.14    11.00       13     1
  6890   419.14    11.00       13     1
  6900   420.54    11.00       13     1
  6910   418.71    11.00       13     1
  6920   418.66    11.00       13     1
  6930   420.53    11.00       13     1
  6940   418.95    11.00       13     1
  6950   419.19    11.00       13     1
  6960   418.32    11.00       13     1
  6970   418.88    11.00       13     1
  6980   419.23    11.00       13     1
  6990   418.94    11.00       13     1
  7000   418.74    11.00       13     1
  7010   418.30    11.00       13     1
  7020   420.46    11.00       13     1
  7030   419.15    11.00       13     1
  7040   419.77    11.00       13     1
  7050   419.21    11.00       13     1
  7060   417.75    11.00       13     1
  7070   418.46    11.00       13     1
  7080   419.07    11.00       13     1
  7090   418.76    11.00       13     1
  7100   418.39    11.00       13     1
  7110   418.73    11.00       13     1
  7120   418.67    11.00       13     1
  7130   419.54    11.00       13     1
  7140   417.91    11.00       13     1
  7150   418.90    11.00       13     1
  7160   419.08    11.00       13     1
  7170   420.52    11.00       13     1
  7180   420.56    11.00       13     1
  7190   418.55    11.00       13     1
  7200   419.21    11.00       13     1
  7210   417.39    11.00       13     1
  7220   419.09    11.00       13     1
  7230   418.98    11.00       13     1
  7240   420.03    11.00       13     1
  7250   418.52    11.00       13     1
  7260   418.18    11.00       13     1
  7270   418.64    11.00       13     1
  7280   418.46    11.00       13     1
  7290   419.52    11.00       13     1
  7300   419.52    11.00       13     1
  7310   419.41    11.00       13     1
  7320   419.23    11.00       13     1
  7330   419.70    11.00       13     1
  7340   421.59    11.00       13     1
  7350   419.95    11.00       13     1
  7360   420.20    11.00       13     1
  7370   419.50    11.00       13     1
  7380   419.09    11.00       13     1
  7390   418.21    11.00       13     1
  7400   419.81    11.00       13     1
  7410   418.69    11.00       13     1
  7420   418.75    11.00       13     1
  7430   419.46    11.00       13     1
  7440   420.91    11.00       13     1
  7450   419.02    11.00       13     1
  7460   417.86    11.00       13     1
  7470   418.77    11.00       13     1
  7480   418.93    11.00       13     1
  7490   419.24    11.00       13     1
  7500   419.20    11.00       13     1
  7510   418.00    11.00       13     1
  7520   418.62    11.00       13     1
  7530   420.16    11.00       13     1
  7540   418.46    11.00       13     1
  7550   419.68    11.00       13     1
  7560   418.53    11.00       13     1
  7570   418.86    11.00       13     1
  7580   419.29    11.00       13     1
  7590   417.67    11.00       13     1
  7600   418.84    11.00       13     1
  7610   418.92    11.00       13     1
  7620   418.14    11.00       13     1
  7630   418.34    11.00       13     1
  7640   418.43    11.00       13     1
  7650   420.07    11.00       13     1
  7660   418.46    11.00       13     1
  7670   417.91    11.00       13     1
  7680   418.24    11.00       13     1
  7690   417.88    11.00       13     1
  7700   418.74    11.00       13     1
  7710   419.17    11.00       13     1
  7720   418.56    11.00       13     1
  7730   417.15    11.00       13     1
  7740   418.44    11.00       13     1
  7750   418.44    11.00       13     1
  7760   419.72    11.00       13     1
  7770   418.73    11.00       13     1
  7780   419.19    11.00       13     1
  7790   418.61    11.00       13     1
  7800   419.88    11.00       13     1
  7810   417.73    11.00       13     1
  7820   417.38    11.00       13     1
  7830   418.37    11.00       13     1
  7840   419.86    11.00       13     1
  7850   418.06    11.00       13     1
  7860   418.24    11.00       13     1
  7870   418.11    11.00       13     1
  7880   419.81    11.00       13     1
  7890   418.11    11.00       13     1
  7900   418.62    11.00       13     1
  7910   418.18    11.00       13     1
  7920   420.16    11.00       13     1
  7930   417.62    11.00       13     1
  7940   418.43    11.00       13     1
  7950   418.67    11.00       13     1
  7960   418.83    11.00       13     1
  7970   419.76    11.00       13     1
  7980   419.30    11.00       13     1
  7990   417.90    11.00       13     1
  8000   419.56    11.00       13     1
  8010   417.59    11.00       13     1
  8020   419.49    11.00       13     1
  8030   418.61    11.00       13     1
  8040   419.08    11.00       13     1
  8050   417.95    11.00       13     1
  8060   418.39    11.00       13     1
  8070   418.85    11.00       13     1
  8080   418.89    11.00       13     1
  8090   418.12    11.00       13     1
  8100   419.04    11.00       13     1
  8110   418.68    11.00       13     1
  8120   418.19    11.00       13     1
  8130   417.87    11.00       13     1
  8140   418.78    11.00       13     1
  8150   418.94    11.00       13     1
  8160   418.77    11.00       13     1
  8170   418.74    11.00       13     1
  8180   418.96    12.00       13     1
  8190   418.27    12.00       13     1
  8200   418.85    12.00       14     1
  8210   417.41    12.00       14     1
  8220   416.92    12.00       14     1
  8230   418.80    12.00       14     1
  8240   421.17    12.00       14     1
  8250   419.64    12.00       14     1
  8260   420.67    12.00       14     1
  8270   418.92    12.00       14     1
  8280   424.58    12.00       14     1
  8290   418.21    12.00       14     1
  8300   418.33    12.00       14     1
  8310   420.73    12.00       14     1
  8320   418.46    12.00       14     1
  8330   421.20    12.00       14     1
  8340   419.95    12.00       14     1
  8350   419.32    12.00       14     1
  8360   418.66    12.00       14     1
  8370   418.75    12.00       14     1
  8380   418.78    12.00       14     1
  8390   419.02    12.00       14     1
  8400   419.26    12.00       14     1
  8410   419.69    12.00       14     1
  8420   418.85    12.00       14     1
  8430   418.75    12.00       14     1
  8440   418.61    12.00       14     1
  8450   418.60    12.00       14     1
  8460   418.33    12.00       14     1
  8470   418.82    12.00       14     1
  8480   419.04    12.00       14     1
  8490   418.66    12.00       14     1
  8500   419.06    12.00       14     1
  8510   420.43    12.00       14     1
  8520   418.03    12.00       14     1
  8530   418.80    12.00       14     1
  8540   420.12    12.00       14     1
  8550   424.71    12.00       14     1
  8560   417.96    12.00       14     1
  8570   418.97    12.00       14     1
  8580   417.89    12.00       14     1
  8590   423.54    12.00       14     1
  8600   418.05    12.00       14     1
  8610   419.19    12.00       14     1
  8620   418.96    12.00       14     1
  8630   418.42    12.00       14     1
  8640   419.65    12.00       14     1
  8650   418.58    12.00       14     1
  8660   421.73    12.00       14     1
  8670   432.77    12.00       14     1
  8680   419.83    12.00       14     1
  8690   419.93    12.00       14     1
  8700   420.25    12.00       14     1
  8710   420.00    12.00       14     1
  8720   419.50    12.00       14     1
  8730   419.86    12.00       14     1
  8740   420.30    12.00       14     1
  8750   419.04    12.00       14     1
  8760   419.02    12.00       14     1
  8770   418.77    12.00       14     1
  8780   419.26    12.00       14     1
  8790   418.83    12.00       14     1
  8800   420.05    12.00       14     1
  8810   419.66    12.00       14     1
  8820   418.65    12.00       14     1
  8830   419.37    12.00       14     1
  8840   421.98    12.00       14     1
  8850   420.14    12.00       14     1
  8860   419.63    12.00       14     1
  8870   420.23    12.00       14     1
  8880   420.12    12.00       14     1
  8890   419.39    12.00       14     1
  8900   429.35    12.00       14     1
  8910   419.34    12.00       14     1
  8920   427.15    12.00       14     1
  8930   422.90    12.00       14     1
  8940   419.73    12.00       14     1
  8950   421.91    12.00       14     1
  8960   420.50    12.00       14     1
  8970   420.35    12.00       14     1
  8980   419.54    12.00       14     1
  8990   422.57    12.00       14     1
  9000   420.42    12.00       14     1
  9010   421.00    12.00       14     1
  9020   429.28    12.00       14     1
  9030   426.19    12.00       14     1
  9040   424.83    12.00       14     1
  9050   430.43    12.00       14     1
  9060   432.47    12.00       14     1
  9070   420.65    12.00       14     1
  9080   420.69    12.00       14     1
  9090   420.02    12.00       14     1
  9100   420.05    12.00       14     1
  9110   420.21    12.00       14     1
  9120   420.82    12.00       14     1
  9130   420.65    12.00       14     1
  9140   421.93    12.00       14     1
  9150   419.97    12.00       14     1
  9160   421.29    12.00       14     1
  9170   421.40    12.00       14     1
  9180   420.77    12.00       14     1
  9190   420.18    12.00       14     1
  9200   419.83    12.00       14     1
  9210   430.39    12.00       14     1
  9220   427.26    12.00       14     1
  9230   419.95    12.00       14     1
  9240   420.12    12.00       14     1
  9250   420.10    12.00       14     1
  9260   421.33    12.00       14     1
  9270   420.22    12.00       14     1
  9280   421.22    12.00       14     1
  9290   420.69    12.00       14     1
  9300   420.24    12.00       14     1
  9310   421.72    12.00       14     1
  9320   420.62    12.00       14     1
  9330   420.14    12.00       14     1
  9340   421.16    12.00       14     1
  9350   421.08    12.00       14     1
  9360   419.93    12.00       14     1
  9370   421.32    12.00       14     1
  9380   420.66    12.00       14     1
  9390   420.12    12.00       14     1
  9400   423.88    12.00       14     1
  9410   427.77    12.00       14     1
  9420   420.22    12.00       14     1
  9430   426.57    12.00       14     1
  9440   421.78    12.00       14     1
  9450   420.75    12.00       14     1
  9460   420.75    12.00       14     1
  9470   421.97    12.00       14     1
  9480   420.61    12.00       14     1
  9490   420.92    12.00       14     1
  9500   421.77    12.00       14     1
  9510   420.68    12.00       14     1
  9520   422.65    12.00       14     1
  9530   420.37    12.00       14     1
  9540   420.19    12.00       14     1
  9550   425.25    12.00       14     1
  9560   420.52    12.00       14     1
  9570   421.68    12.00       14     1
  9580   420.37    12.00       14     1
  9590   420.69    12.00       14     1
  9600   422.46    12.00       14     1
  9610   418.79    12.00       14     1
  9620   419.88    12.00       14     1
  9630   420.82    12.00       14     1
  9640   421.06    12.00       14     1
  9650   421.11    12.00       14     1
  9660   420.73    12.00       14     1
  9670   419.66    12.00       14     1
  9680   421.10    12.00       14     1
  9690   422.22    12.00       14     1
  9700   420.78    12.00       14     1
  9710   420.27    12.00       14     1
  9720   425.98    12.00       14     1
  9730   431.68    12.00       14     1
  9740   421.47    12.00       14     1
  9750   420.99    12.00       14     1
  9760   421.63    12.00       14     1
  9770   424.15    12.00       14     1
  9780   421.01    12.00       14     1
  9790   420.10    12.00       14     1
  9800   421.18    12.00       14     1
  9810   422.18    12.00       14     1
  9820   434.36    12.00       14     1
  9830   421.69    12.00       14     1
  9840   421.21    12.00       14     1
  9850   421.81    12.00       14     1
  9860   432.21    12.00       14     1
  9870   421.40    12.00       14     1
  9880   420.78    12.00       14     1
  9890   427.36    12.00       14     1
  9900   432.17    12.00       14     1
  9910   430.61    12.00       14     1
  9920   420.77    12.00       14     1
  9930   421.72    12.00       14     1
  9940   421.56    12.00       14     1
  9950   421.99    12.00       14     1
  9960   421.80    12.00       14     1
  9970   420.67    12.00       14     1
  9980   421.47    12.00       14     1
  9990   422.37    12.00       14     1
  10000   420.03    12.00       14     1
