Tamano  Tiempo(ns)  media_OB  max_OB  min_OB
  1000   1456.50    500.00       1000     1
  1010   1465.45    505.00       1010     1
  1020   1469.02    510.00       1020     1
  1030   1483.88    515.00       1030     1
  1040   1496.06    520.00       1040     1
  1050   1511.14    525.00       1050     1
  1060   1519.25    530.00       1060     1
  1070   1533.08    535.00       1070     1
  1080   1548.33    540.00       1080     1
  1090   1561.93    545.00       1090     1
  1100   1559.09    550.00       1100     1
  1110   1569.37    555.00       1110     1
  1120   1587.59    560.00       1120     1
  1130   1608.41    565.00       1130     1
  1140   1605.44    570.00       1140     1
  1150   1617.91    575.00       1150     1
  1160   1633.02    580.00       1160     1
  1170   1645.38    585.00       1170     1
  1180   1659.75    590.00       1180     1
  1190   1663.28    595.00       1190     1
  1200   1687.25    600.00       1200     1
  1210   1687.52    605.00       1210     1
  1220   1701.07    610.00       1220     1
  1230   1707.56    615.00       1230     1
  1240   1716.53    620.00       1240     1
  1250   1729.68    625.00       1250     1
  1260   1748.10    630.00       1260     1
  1270   1763.39    635.00       1270     1
  1280   1766.09    640.00       1280     1
  1290   1778.29    645.00       1290     1
  1300   1783.08    650.00       1300     1
  1310   1811.07    655.00       1310     1
  1320   1808.71    660.00       1320     1
  1330   1817.37    665.00       1330     1
  1340   1826.12    670.00       1340     1
  1350   1843.26    675.00       1350     1
  1360   1854.71    680.00       1360     1
  1370   1867.52    685.00       1370     1
  1380   1878.84    690.00       1380     1
  1390   1887.55    695.00       1390     1
  1400   1902.29    700.00       1400     1
  1410   1908.01    705.00       1410     1
  1420   1921.48    710.00       1420     1
  1430   1927.13    715.00       1430     1
  1440   1940.14    720.00       1440     1
  1450   1957.38    725.00       1450     1
  1460   1956.71    730.00       1460     1
  1470   1976.19    735.00       1470     1
  1480   1979.59    740.00       1480     1
  1490   1992.82    745.00       1490     1
  1500   2004.40    750.00       1500     1
  1510   2019.74    755.00       1510     1
  1520   2033.29    760.00       1520     1
  1530   2036.27    765.00       1530     1
  1540   2050.97    770.00       1540     1
  1550   2059.94    775.00       1550     1
  1560   2068.72    780.00       1560     1
  1570   2088.85    785.00       1570     1
  1580   2089.37    790.00       1580     1
  1590   2103.96    795.00       1590     1
  1600   2118.12    800.00       1600     1
  1610   2131.30    805.00       1610     1
  1620   2147.22    810.00       1620     1
  1630   2156.26    815.00       1630     1
  1640   2156.71    820.00       1640     1
  1650   2182.48    825.00       1650     1
  1660   2213.37    830.00       1660     1
  1670   2198.26    835.00       1670     1
  1680   2204.40    840.00       1680     1
  1690   2215.15    845.00       1690     1
  1700   2229.71    850.00       1700     1
  1710   2242.75    855.00       1710     1
  1720   2249.53    860.00       1720     1
  1730   2265.72    865.00       1730     1
  1740   2272.93    870.00       1740     1
  1750   2288.69    875.00       1750     1
  1760   2297.90    880.00       1760     1
  1770   2304.86    885.00       1770     1
  1780   2318.03    890.00       1780     1
  1790   2326.70    895.00       1790     1
  1800   2336.50    900.00       1800     1
  1810   2346.85    905.00       1810     1
  1820   2356.81    910.00       1820     1
  1830   2373.17    915.00       1830     1
  1840   2385.49    920.00       1840     1
  1850   2389.08    925.00       1850     1
  1860   2404.30    930.00       1860     1
  1870   2411.82    935.00       1870     1
  1880   2425.64    940.00       1880     1
  1890   2445.61    945.00       1890     1
  1900   2446.58    950.00       1900     1
  1910   2468.32    955.00       1910     1
  1920   2473.07    960.00       1920     1
  1930   2476.53    965.00       1930     1
  1940   2495.31    970.00       1940     1
  1950   2509.03    975.00       1950     1
  1960   2517.50    980.00       1960     1
  1970   2528.73    985.00       1970     1
  1980   2535.45    990.00       1980     1
  1990   2550.80    995.00       1990     1
  2000   2563.10    1000.00       2000     1
  2010   2571.94    1005.00       2010     1
  2020   2584.01    1010.00       2020     1
  2030   2593.74    1015.00       2030     1
  2040   2602.60    1020.00       2040     1
  2050   2615.22    1025.00       2050     1
  2060   2624.42    1030.00       2060     1
  2070   2640.48    1035.00       2070     1
  2080   2653.37    1040.00       2080     1
  2090   2654.88    1045.00       2090     1
  2100   2678.00    1050.00       2100     1
  2110   2696.59    1055.00       2110     1
  2120   2697.97    1060.00       2120     1
  2130   2704.46    1065.00       2130     1
  2140   2713.97    1070.00       2140     1
  2150   2725.02    1075.00       2150     1
  2160   2741.20    1080.00       2160     1
  2170   2748.39    1085.00       2170     1
  2180   2757.61    1090.00       2180     1
  2190   2775.39    1095.00       2190     1
  2200   2782.41    1100.00       2200     1
  2210   2791.54    1105.00       2210     1
  2220   2805.99    1110.00       2220     1
  2230   2812.51    1115.00       2230     1
  2240   2824.78    1120.00       2240     1
  2250   2842.89    1125.00       2250     1
  2260   2852.30    1130.00       2260     1
  2270   2854.85    1135.00       2270     1
  2280   2872.15    1140.00       2280     1
  2290   2878.43    1145.00       2290     1
  2300   2897.04    1150.00       2300     1
  2310   2909.05    1155.00       2310     1
  2320   2919.48    1160.00       2320     1
  2330   2928.03    1165.00       2330     1
  2340   2937.14    1170.00       2340     1
  2350   2955.02    1175.00       2350     1
  2360   2960.08    1180.00       2360     1
  2370   2975.44    1185.00       2370     1
  2380   2983.15    1190.00       2380     1
  2390   2998.37    1195.00       2390     1
  2400   3014.71    1200.00       2400     1
  2410   3019.63    1205.00       2410     1
  2420   3031.28    1210.00       2420     1
  2430   3044.49    1215.00       2430     1
  2440   3047.62    1220.00       2440     1
  2450   3065.06    1225.00       2450     1
  2460   3067.15    1230.00       2460     1
  2470   3088.83    1235.00       2470     1
  2480   3091.61    1240.00       2480     1
  2490   3107.55    1245.00       2490     1
  2500   3119.48    1250.00       2500     1
  2510   3127.33    1255.00       2510     1
  2520   3136.03    1260.00       2520     1
  2530   3148.34    1265.00       2530     1
  2540   3165.98    1270.00       2540     1
  2550   3171.22    1275.00       2550     1
  2560   3183.48    1280.00       2560     1
  2570   3192.84    1285.00       2570     1
  2580   3204.88    1290.00       2580     1
  2590   3220.50    1295.00       2590     1
  2600   3228.92    1300.00       2600     1
  2610   3236.28    1305.00       2610     1
  2620   3249.69    1310.00       2620     1
  2630   3262.09    1315.00       2630     1
  2640   3269.20    1320.00       2640     1
  2650   3283.17    1325.00       2650     1
  2660   3295.08    1330.00       2660     1
  2670   3303.67    1335.00       2670     1
  2680   3318.54    1340.00       2680     1
  2690   3324.31    1345.00       2690     1
  2700   3339.22    1350.00       2700     1
  2710   3353.99    1355.00       2710     1
  2720   3360.29    1360.00       2720     1
  2730   3373.55    1365.00       2730     1
  2740   3378.25    1370.00       2740     1
  2750   3394.15    1375.00       2750     1
  2760   3406.85    1380.00       2760     1
  2770   3417.87    1385.00       2770     1
  2780   3426.76    1390.00       2780     1
  2790   3440.25    1395.00       2790     1
  2800   3448.46    1400.00       2800     1
  2810   3458.58    1405.00       2810     1
  2820   3470.00    1410.00       2820     1
  2830   3483.78    1415.00       2830     1
  2840   3497.29    1420.00       2840     1
  2850   3507.54    1425.00       2850     1
  2860   3523.08    1430.00       2860     1
  2870   3528.29    1435.00       2870     1
  2880   3538.51    1440.00       2880     1
  2890   3552.73    1445.00       2890     1
  2900   3562.34    1450.00       2900     1
  2910   3573.37    1455.00       2910     1
  2920   3586.37    1460.00       2920     1
  2930   3596.86    1465.00       2930     1
  2940   3612.55    1470.00       2940     1
  2950   3619.32    1475.00       2950     1
  2960   3627.36    1480.00       2960     1
  2970   3638.05    1485.00       2970     1
  2980   3657.65    1490.00       2980     1
  2990   3665.42    1495.00       2990     1
  3000   3678.10    1500.00       3000     1
  3010   3690.30    1505.00       3010     1
  3020   3696.19    1510.00       3020     1
  3030   3706.11    1515.00       3030     1
  3040   3719.93    1520.00       3040     1
  3050   3733.51    1525.00       3050     1
  3060   3746.90    1530.00       3060     1
  3070   3749.22    1535.00       3070     1
  3080   3759.74    1540.00       3080     1
  3090   3772.59    1545.00       3090     1
  3100   3787.29    1550.00       3100     1
  3110   3792.19    1555.00       3110     1
  3120   3811.09    1560.00       3120     1
  3130   3817.92    1565.00       3130     1
  3140   3828.38    1570.00       3140     1
  3150   3846.44    1575.00       3150     1
  3160   3851.49    1580.00       3160     1
  3170   3861.61    1585.00       3170     1
  3180   3872.11    1590.00       3180     1
  3190   3877.99    1595.00       3190     1
  3200   3891.53    1600.00       3200     1
  3210   3907.29    1605.00       3210     1
  3220   3919.38    1610.00       3220     1
  3230   3929.88    1615.00       3230     1
  3240   3935.09    1620.00       3240     1
  3250   3947.54    1625.00       3250     1
  3260   3965.55    1630.00       3260     1
  3270   3972.29    1635.00       3270     1
  3280   3983.63    1640.00       3280     1
  3290   3996.08    1645.00       3290     1
  3300   4011.06    1650.00       3300     1
  3310   4020.48    1655.00       3310     1
  3320   4026.39    1660.00       3320     1
  3330   4032.58    1665.00       3330     1
  3340   4047.75    1670.00       3340     1
  3350   4055.58    1675.00       3350     1
  3360   4067.98    1680.00       3360     1
  3370   4077.21    1685.00       3370     1
  3380   4089.56    1690.00       3380     1
  3390   4104.22    1695.00       3390     1
  3400   4113.18    1700.00       3400     1
  3410   4137.27    1705.00       3410     1
  3420   4135.12    1710.00       3420     1
  3430   4146.01    1715.00       3430     1
  3440   4160.58    1720.00       3440     1
  3450   4173.45    1725.00       3450     1
  3460   4182.83    1730.00       3460     1
  3470   4192.71    1735.00       3470     1
  3480   4200.17    1740.00       3480     1
  3490   4218.71    1745.00       3490     1
  3500   4227.37    1750.00       3500     1
  3510   4237.55    1755.00       3510     1
  3520   4245.51    1760.00       3520     1
  3530   4260.42    1765.00       3530     1
  3540   4273.36    1770.00       3540     1
  3550   4280.45    1775.00       3550     1
  3560   4290.22    1780.00       3560     1
  3570   4301.60    1785.00       3570     1
  3580   4315.98    1790.00       3580     1
  3590   4331.98    1795.00       3590     1
  3600   4341.44    1800.00       3600     1
  3610   4349.39    1805.00       3610     1
  3620   4352.93    1810.00       3620     1
  3630   4370.33    1815.00       3630     1
  3640   4380.44    1820.00       3640     1
  3650   4395.67    1825.00       3650     1
  3660   4407.57    1830.00       3660     1
  3670   4416.51    1835.00       3670     1
  3680   4426.74    1840.00       3680     1
  3690   4435.50    1845.00       3690     1
  3700   4444.08    1850.00       3700     1
  3710   4459.95    1855.00       3710     1
  3720   4470.13    1860.00       3720     1
  3730   4483.11    1865.00       3730     1
  3740   4491.23    1870.00       3740     1
  3750   4500.13    1875.00       3750     1
  3760   4510.27    1880.00       3760     1
  3770   4523.32    1885.00       3770     1
  3780   4532.65    1890.00       3780     1
  3790   4547.55    1895.00       3790     1
  3800   4555.45    1900.00       3800     1
  3810   4568.01    1905.00       3810     1
  3820   4579.29    1910.00       3820     1
  3830   4587.44    1915.00       3830     1
  3840   4603.31    1920.00       3840     1
  3850   4617.04    1925.00       3850     1
  3860   4623.52    1930.00       3860     1
  3870   4633.39    1935.00       3870     1
  3880   4644.05    1940.00       3880     1
  3890   4654.45    1945.00       3890     1
  3900   4669.26    1950.00       3900     1
  3910   4680.28    1955.00       3910     1
  3920   4688.47    1960.00       3920     1
  3930   4708.19    1965.00       3930     1
  3940   4711.04    1970.00       3940     1
  3950   4725.97    1975.00       3950     1
  3960   4734.90    1980.00       3960     1
  3970   4747.08    1985.00       3970     1
  3980   4758.77    1990.00       3980     1
  3990   4774.46    1995.00       3990     1
  4000   4780.23    2000.00       4000     1
  4010   4786.61    2005.00       4010     1
  4020   4800.10    2010.00       4020     1
  4030   4805.66    2015.00       4030     1
  4040   4824.73    2020.00       4040     1
  4050   4838.35    2025.00       4050     1
  4060   4842.98    2030.00       4060     1
  4070   4855.58    2035.00       4070     1
  4080   4866.76    2040.00       4080     1
  4090   4880.32    2045.00       4090     1
  4100   4887.00    2050.00       4100     1
  4110   4907.47    2055.00       4110     1
  4120   4911.36    2060.00       4120     1
  4130   4924.41    2065.00       4130     1
  4140   4932.95    2070.00       4140     1
  4150   4940.55    2075.00       4150     1
  4160   4953.97    2080.00       4160     1
  4170   4966.76    2085.00       4170     1
  4180   4986.27    2090.00       4180     1
  4190   4988.31    2095.00       4190     1
  4200   5001.52    2100.00       4200     1
  4210   5014.11    2105.00       4210     1
  4220   5025.26    2110.00       4220     1
  4230   5039.24    2115.00       4230     1
  4240   5052.15    2120.00       4240     1
  4250   5056.02    2125.00       4250     1
  4260   5072.86    2130.00       4260     1
  4270   5078.81    2135.00       4270     1
  4280   5090.09    2140.00       4280     1
  4290   5101.31    2145.00       4290     1
  4300   5120.30    2150.00       4300     1
  4310   5120.05    2155.00       4310     1
  4320   5129.98    2160.00       4320     1
  4330   5141.82    2165.00       4330     1
  4340   5157.76    2170.00       4340     1
  4350   5165.24    2175.00       4350     1
  4360   5177.48    2180.00       4360     1
  4370   5185.63    2185.00       4370     1
  4380   5203.22    2190.00       4380     1
  4390   5216.51    2195.00       4390     1
  4400   5221.86    2200.00       4400     1
  4410   5235.96    2205.00       4410     1
  4420   5242.19    2210.00       4420     1
  4430   5263.72    2215.00       4430     1
  4440   5294.46    2220.00       4440     1
  4450   5273.35    2225.00       4450     1
  4460   5289.37    2230.00       4460     1
  4470   5315.32    2235.00       4470     1
  4480   5313.50    2240.00       4480     1
  4490   5323.72    2245.00       4490     1
  4500   5331.67    2250.00       4500     1
  4510   5345.32    2255.00       4510     1
  4520   5353.78    2260.00       4520     1
  4530   5370.62    2265.00       4530     1
  4540   5380.64    2270.00       4540     1
  4550   5386.24    2275.00       4550     1
  4560   5403.20    2280.00       4560     1
  4570   5411.27    2285.00       4570     1
  4580   5419.98    2290.00       4580     1
  4590   5435.69    2295.00       4590     1
  4600   5446.89    2300.00       4600     1
  4610   5452.60    2305.00       4610     1
  4620   5466.75    2310.00       4620     1
  4630   5474.21    2315.00       4630     1
  4640   5487.46    2320.00       4640     1
  4650   5496.58    2325.00       4650     1
  4660   5507.98    2330.00       4660     1
  4670   5527.13    2335.00       4670     1
  4680   5534.53    2340.00       4680     1
  4690   5545.07    2345.00       4690     1
  4700   5551.06    2350.00       4700     1
  4710   5563.04    2355.00       4710     1
  4720   5584.75    2360.00       4720     1
  4730   5592.26    2365.00       4730     1
  4740   5601.71    2370.00       4740     1
  4750   5612.91    2375.00       4750     1
  4760   5622.39    2380.00       4760     1
  4770   5631.82    2385.00       4770     1
  4780   5650.40    2390.00       4780     1
  4790   5661.06    2395.00       4790     1
  4800   5670.06    2400.00       4800     1
  4810   5677.11    2405.00       4810     1
  4820   5693.63    2410.00       4820     1
  4830   5696.67    2415.00       4830     1
  4840   5710.25    2420.00       4840     1
  4850   5726.70    2425.00       4850     1
  4860   5727.30    2430.00       4860     1
  4870   5739.32    2435.00       4870     1
  4880   5750.51    2440.00       4880     1
  4890   5761.21    2445.00       4890     1
  4900   5771.61    2450.00       4900     1
  4910   5782.61    2455.00       4910     1
  4920   5795.53    2460.00       4920     1
  4930   5808.42    2465.00       4930     1
  4940   5818.36    2470.00       4940     1
  4950   5830.61    2475.00       4950     1
  4960   5839.96    2480.00       4960     1
  4970   5849.26    2485.00       4970     1
  4980   5865.16    2490.00       4980     1
  4990   5875.83    2495.00       4990     1
  5000   5886.86    2500.00       5000     1
  5010   5897.19    2505.00       5010     1
  5020   5905.12    2510.00       5020     1
  5030   5922.74    2515.00       5030     1
  5040   5928.93    2520.00       5040     1
  5050   5939.35    2525.00       5050     1
  5060   5947.45    2530.00       5060     1
  5070   5963.55    2535.00       5070     1
  5080   5972.30    2540.00       5080     1
  5090   5980.33    2545.00       5090     1
  5100   5994.94    2550.00       5100     1
  5110   6007.06    2555.00       5110     1
  5120   6021.56    2560.00       5120     1
  5130   6029.59    2565.00       5130     1
  5140   6039.14    2570.00       5140     1
  5150   6054.23    2575.00       5150     1
  5160   6061.94    2580.00       5160     1
  5170   6081.51    2585.00       5170     1
  5180   6084.94    2590.00       5180     1
  5190   6097.24    2595.00       5190     1
  5200   6105.42    2600.00       5200     1
  5210   6118.71    2605.00       5210     1
  5220   6129.75    2610.00       5220     1
  5230   6138.03    2615.00       5230     1
  5240   6152.54    2620.00       5240     1
  5250   6163.41    2625.00       5250     1
  5260   6175.68    2630.00       5260     1
  5270   6181.71    2635.00       5270     1
  5280   6198.09    2640.00       5280     1
  5290   6206.31    2645.00       5290     1
  5300   6213.98    2650.00       5300     1
  5310   6229.32    2655.00       5310     1
  5320   6246.20    2660.00       5320     1
  5330   6248.89    2665.00       5330     1
  5340   6262.70    2670.00       5340     1
  5350   6273.40    2675.00       5350     1
  5360   6280.60    2680.00       5360     1
  5370   6295.29    2685.00       5370     1
  5380   6303.81    2690.00       5380     1
  5390   6318.29    2695.00       5390     1
  5400   6327.83    2700.00       5400     1
  5410   6335.64    2705.00       5410     1
  5420   6351.88    2710.00       5420     1
  5430   6364.71    2715.00       5430     1
  5440   6373.47    2720.00       5440     1
  5450   6384.31    2725.00       5450     1
  5460   6394.01    2730.00       5460     1
  5470   6406.84    2735.00       5470     1
  5480   6416.11    2740.00       5480     1
  5490   6428.93    2745.00       5490     1
  5500   6442.64    2750.00       5500     1
  5510   6453.94    2755.00       5510     1
  5520   6462.99    2760.00       5520     1
  5530   6473.63    2765.00       5530     1
  5540   6487.18    2770.00       5540     1
  5550   6500.70    2775.00       5550     1
  5560   6509.37    2780.00       5560     1
  5570   6520.86    2785.00       5570     1
  5580   6528.98    2790.00       5580     1
  5590   6542.56    2795.00       5590     1
  5600   6553.57    2800.00       5600     1
  5610   6565.86    2805.00       5610     1
  5620   6573.04    2810.00       5620     1
  5630   6590.44    2815.00       5630     1
  5640   6599.72    2820.00       5640     1
  5650   6607.75    2825.00       5650     1
  5660   6619.91    2830.00       5660     1
  5670   6632.35    2835.00       5670     1
  5680   6650.81    2840.00       5680     1
  5690   6646.77    2845.00       5690     1
  5700   6657.89    2850.00       5700     1
  5710   6672.87    2855.00       5710     1
  5720   6684.16    2860.00       5720     1
  5730   6693.79    2865.00       5730     1
  5740   6702.21    2870.00       5740     1
  5750   6712.49    2875.00       5750     1
  5760   6726.32    2880.00       5760     1
  5770   6736.79    2885.00       5770     1
  5780   6748.17    2890.00       5780     1
  5790   6756.49    2895.00       5790     1
  5800   6769.41    2900.00       5800     1
  5810   6779.36    2905.00       5810     1
  5820   6794.00    2910.00       5820     1
  5830   6801.10    2915.00       5830     1
  5840   6812.74    2920.00       5840     1
  5850   6824.82    2925.00       5850     1
  5860   6838.62    2930.00       5860     1
  5870   6849.88    2935.00       5870     1
  5880   6858.04    2940.00       5880     1
  5890   6867.71    2945.00       5890     1
  5900   6880.37    2950.00       5900     1
  5910   6896.75    2955.00       5910     1
  5920   6905.69    2960.00       5920     1
  5930   6916.68    2965.00       5930     1
  5940   6925.79    2970.00       5940     1
  5950   6938.34    2975.00       5950     1
  5960   6952.10    2980.00       5960     1
  5970   6957.52    2985.00       5970     1
  5980   6970.43    2990.00       5980     1
  5990   6977.66    2995.00       5990     1
  6000   6996.30    3000.00       6000     1
  6010   7006.09    3005.00       6010     1
  6020   7013.04    3010.00       6020     1
  6030   7025.14    3015.00       6030     1
  6040   7038.54    3020.00       6040     1
  6050   7045.57    3025.00       6050     1
  6060   7058.04    3030.00       6060     1
  6070   7071.40    3035.00       6070     1
  6080   7081.25    3040.00       6080     1
  6090   7094.55    3045.00       6090     1
  6100   7104.51    3050.00       6100     1
  6110   7114.71    3055.00       6110     1
  6120   7124.90    3060.00       6120     1
  6130   7133.03    3065.00       6130     1
  6140   7146.53    3070.00       6140     1
  6150   7158.00    3075.00       6150     1
  6160   7169.53    3080.00       6160     1
  6170   7177.47    3085.00       6170     1
  6180   7190.08    3090.00       6180     1
  6190   7201.52    3095.00       6190     1
  6200   7211.87    3100.00       6200     1
  6210   7229.03    3105.00       6210     1
  6220   7235.42    3110.00       6220     1
  6230   7247.48    3115.00       6230     1
  6240   7259.86    3120.00       6240     1
  6250   7269.47    3125.00       6250     1
  6260   7277.96    3130.00       6260     1
  6270   7288.47    3135.00       6270     1
  6280   7302.07    3140.00       6280     1
  6290   7312.75    3145.00       6290     1
  6300   7325.11    3150.00       6300     1
  6310   7338.49    3155.00       6310     1
  6320   7346.82    3160.00       6320     1
  6330   7356.86    3165.00       6330     1
  6340   7368.44    3170.00       6340     1
  6350   7378.50    3175.00       6350     1
  6360   7388.84    3180.00       6360     1
  6370   7396.84    3185.00       6370     1
  6380   7413.13    3190.00       6380     1
  6390   7421.83    3195.00       6390     1
  6400   7436.58    3200.00       6400     1
  6410   7443.59    3205.00       6410     1
  6420   7459.02    3210.00       6420     1
  6430   7472.07    3215.00       6430     1
  6440   7478.66    3220.00       6440     1
  6450   7491.10    3225.00       6450     1
  6460   7502.59    3230.00       6460     1
  6470   7512.61    3235.00       6470     1
  6480   7521.53    3240.00       6480     1
  6490   7537.26    3245.00       6490     1
  6500   7544.48    3250.00       6500     1
  6510   7559.63    3255.00       6510     1
  6520   7566.43    3260.00       6520     1
  6530   7576.77    3265.00       6530     1
  6540   7590.92    3270.00       6540     1
  6550   7599.31    3275.00       6550     1
  6560   7613.54    3280.00       6560     1
  6570   7621.16    3285.00       6570     1
  6580   7632.22    3290.00       6580     1
  6590   7648.06    3295.00       6590     1
  6600   7660.27    3300.00       6600     1
  6610   7668.00    3305.00       6610     1
  6620   7681.47    3310.00       6620     1
  6630   7690.02    3315.00       6630     1
  6640   7701.94    3320.00       6640     1
  6650   7711.14    3325.00       6650     1
  6660   7721.91    3330.00       6660     1
  6670   7738.34    3335.00       6670     1
  6680   7747.72    3340.00       6680     1
  6690   7759.25    3345.00       6690     1
  6700   7766.70    3350.00       6700     1
  6710   7780.72    3355.00       6710     1
  6720   7787.96    3360.00       6720     1
  6730   7800.00    3365.00       6730     1
  6740   7812.08    3370.00       6740     1
  6750   7824.70    3375.00       6750     1
  6760   7837.37    3380.00       6760     1
  6770   7847.77    3385.00       6770     1
  6780   7858.35    3390.00       6780     1
  6790   7867.70    3395.00       6790     1
  6800   7879.49    3400.00       6800     1
  6810   7892.89    3405.00       6810     1
  6820   7904.05    3410.00       6820     1
  6830   7909.97    3415.00       6830     1
  6840   7924.18    3420.00       6840     1
  6850   7935.24    3425.00       6850     1
  6860   7940.54    3430.00       6860     1
  6870   7957.35    3435.00       6870     1
  6880   7964.07    3440.00       6880     1
  6890   7980.46    3445.00       6890     1
  6900   7990.87    3450.00       6900     1
  6910   7998.52    3455.00       6910     1
  6920   8013.35    3460.00       6920     1
  6930   8023.41    3465.00       6930     1
  6940   8036.43    3470.00       6940     1
  6950   8045.02    3475.00       6950     1
  6960   8057.00    3480.00       6960     1
  6970   8063.40    3485.00       6970     1
  6980   8078.81    3490.00       6980     1
  6990   8085.94    3495.00       6990     1
  7000   8103.80    3500.00       7000     1
  7010   8108.79    3505.00       7010     1
  7020   8124.59    3510.00       7020     1
  7030   8137.43    3515.00       7030     1
  7040   8143.64    3520.00       7040     1
  7050   8154.57    3525.00       7050     1
  7060   8163.47    3530.00       7060     1
  7070   8175.63    3535.00       7070     1
  7080   8184.25    3540.00       7080     1
  7090   8200.66    3545.00       7090     1
  7100   8212.00    3550.00       7100     1
  7110   8222.07    3555.00       7110     1
  7120   8234.82    3560.00       7120     1
  7130   8244.18    3565.00       7130     1
  7140   8257.42    3570.00       7140     1
  7150   8267.64    3575.00       7150     1
  7160   8281.28    3580.00       7160     1
  7170   8290.11    3585.00       7170     1
  7180   8297.45    3590.00       7180     1
  7190   8311.43    3595.00       7190     1
  7200   8323.21    3600.00       7200     1
  7210   8333.45    3605.00       7210     1
  7220   8344.28    3610.00       7220     1
  7230   8357.00    3615.00       7230     1
  7240   8366.99    3620.00       7240     1
  7250   8374.73    3625.00       7250     1
  7260   8389.46    3630.00       7260     1
  7270   8401.64    3635.00       7270     1
  7280   8410.45    3640.00       7280     1
  7290   8422.39    3645.00       7290     1
  7300   8438.37    3650.00       7300     1
  7310   8469.96    3655.00       7310     1
  7320   8459.28    3660.00       7320     1
  7330   8462.07    3665.00       7330     1
  7340   8477.17    3670.00       7340     1
  7350   8485.29    3675.00       7350     1
  7360   8498.99    3680.00       7360     1
  7370   8512.96    3685.00       7370     1
  7380   8524.40    3690.00       7380     1
  7390   8529.70    3695.00       7390     1
  7400   8542.89    3700.00       7400     1
  7410   8558.64    3705.00       7410     1
  7420   8567.10    3710.00       7420     1
  7430   8584.04    3715.00       7430     1
  7440   8587.22    3720.00       7440     1
  7450   8596.43    3725.00       7450     1
  7460   8612.68    3730.00       7460     1
  7470   8621.46    3735.00       7470     1
  7480   8635.27    3740.00       7480     1
  7490   8646.98    3745.00       7490     1
  7500   8653.92    3750.00       7500     1
  7510   8666.84    3755.00       7510     1
  7520   8674.88    3760.00       7520     1
  7530   8688.61    3765.00       7530     1
  7540   8697.79    3770.00       7540     1
  7550   8713.44    3775.00       7550     1
  7560   8725.19    3780.00       7560     1
  7570   8732.34    3785.00       7570     1
  7580   8744.26    3790.00       7580     1
  7590   8758.18    3795.00       7590     1
  7600   8767.13    3800.00       7600     1
  7610   8779.65    3805.00       7610     1
  7620   8787.30    3810.00       7620     1
  7630   8801.40    3815.00       7630     1
  7640   8810.51    3820.00       7640     1
  7650   8825.88    3825.00       7650     1
  7660   8830.46    3830.00       7660     1
  7670   8841.64    3835.00       7670     1
  7680   8853.79    3840.00       7680     1
  7690   8866.80    3845.00       7690     1
  7700   8877.92    3850.00       7700     1
  7710   8889.29    3855.00       7710     1
  7720   8901.62    3860.00       7720     1
  7730   8909.02    3865.00       7730     1
  7740   8920.40    3870.00       7740     1
  7750   8931.25    3875.00       7750     1
  7760   8944.79    3880.00       7760     1
  7770   8954.75    3885.00       7770     1
  7780   8966.80    3890.00       7780     1
  7790   8978.28    3895.00       7790     1
  7800   8988.03    3900.00       7800     1
  7810   8996.65    3905.00       7810     1
  7820   9013.36    3910.00       7820     1
  7830   9018.05    3915.00       7830     1
  7840   9030.84    3920.00       7840     1
  7850   9041.68    3925.00       7850     1
  7860   9053.98    3930.00       7860     1
  7870   9065.40    3935.00       7870     1
  7880   9075.66    3940.00       7880     1
  7890   9088.33    3945.00       7890     1
  7900   9098.25    3950.00       7900     1
  7910   9109.49    3955.00       7910     1
  7920   9122.92    3960.00       7920     1
  7930   9128.51    3965.00       7930     1
  7940   9144.19    3970.00       7940     1
  7950   9155.66    3975.00       7950     1
  7960   9163.97    3980.00       7960     1
  7970   9179.46    3985.00       7970     1
  7980   9185.33    3990.00       7980     1
  7990   9200.28    3995.00       7990     1
  8000   9208.52    4000.00       8000     1
  8010   9220.94    4005.00       8010     1
  8020   9232.42    4010.00       8020     1
  8030   9240.86    4015.00       8030     1
  8040   9255.22    4020.00       8040     1
  8050   9266.09    4025.00       8050     1
  8060   9275.00    4030.00       8060     1
  8070   9286.75    4035.00       8070     1
  8080   9299.98    4040.00       8080     1
  8090   9311.80    4045.00       8090     1
  8100   9320.33    4050.00       8100     1
  8110   9333.60    4055.00       8110     1
  8120   9342.27    4060.00       8120     1
  8130   9353.05    4065.00       8130     1
  8140   9361.55    4070.00       8140     1
  8150   9375.94    4075.00       8150     1
  8160   9387.10    4080.00       8160     1
  8170   9399.16    4085.00       8170     1
  8180   9408.34    4090.00       8180     1
  8190   9422.53    4095.00       8190     1
  8200   9428.59    4100.00       8200     1
  8210   9443.48    4105.00       8210     1
  8220   9453.48    4110.00       8220     1
  8230   9465.57    4115.00       8230     1
  8240   9475.61    4120.00       8240     1
  8250   9488.53    4125.00       8250     1
  8260   9498.05    4130.00       8260     1
  8270   9508.74    4135.00       8270     1
  8280   9522.79    4140.00       8280     1
  8290   9532.87    4145.00       8290     1
  8300   9547.84    4150.00       8300     1
  8310   9551.66    4155.00       8310     1
  8320   9566.48    4160.00       8320     1
  8330   9575.86    4165.00       8330     1
  8340   9594.75    4170.00       8340     1
  8350   9602.73    4175.00       8350     1
  8360   9613.56    4180.00       8360     1
  8370   9621.79    4185.00       8370     1
  8380   9637.05    4190.00       8380     1
  8390   9650.20    4195.00       8390     1
  8400   9655.14    4200.00       8400     1
  8410   9667.17    4205.00       8410     1
  8420   9677.09    4210.00       8420     1
  8430   9687.15    4215.00       8430     1
  8440   9697.13    4220.00       8440     1
  8450   9709.53    4225.00       8450     1
  8460   9725.28    4230.00       8460     1
  8470   9731.77    4235.00       8470     1
  8480   9743.61    4240.00       8480     1
  8490   9753.31    4245.00       8490     1
  8500   9762.96    4250.00       8500     1
  8510   9779.08    4255.00       8510     1
  8520   9787.57    4260.00       8520     1
  8530   9799.06    4265.00       8530     1
  8540   9810.85    4270.00       8540     1
  8550   9821.43    4275.00       8550     1
  8560   9832.90    4280.00       8560     1
  8570   9843.91    4285.00       8570     1
  8580   9856.55    4290.00       8580     1
  8590   9865.13    4295.00       8590     1
  8600   9876.49    4300.00       8600     1
  8610   9887.19    4305.00       8610     1
  8620   9899.45    4310.00       8620     1
  8630   9908.25    4315.00       8630     1
  8640   9921.74    4320.00       8640     1
  8650   9930.30    4325.00       8650     1
  8660   9941.76    4330.00       8660     1
  8670   9955.73    4335.00       8670     1
  8680   9963.23    4340.00       8680     1
  8690   9976.43    4345.00       8690     1
  8700   9987.74    4350.00       8700     1
  8710   10000.17    4355.00       8710     1
  8720   10008.77    4360.00       8720     1
  8730   10021.26    4365.00       8730     1
  8740   10032.45    4370.00       8740     1
  8750   10043.11    4375.00       8750     1
  8760   10051.68    4380.00       8760     1
  8770   10069.64    4385.00       8770     1
  8780   10090.24    4390.00       8780     1
  8790   10105.76    4395.00       8790     1
  8800   10112.28    4400.00       8800     1
  8810   10115.22    4405.00       8810     1
  8820   10126.79    4410.00       8820     1
  8830   10144.61    4415.00       8830     1
  8840   10148.79    4420.00       8840     1
  8850   10165.59    4425.00       8850     1
  8860   10169.05    4430.00       8860     1
  8870   10183.34    4435.00       8870     1
  8880   10194.53    4440.00       8880     1
  8890   10208.20    4445.00       8890     1
  8900   10217.16    4450.00       8900     1
  8910   10227.93    4455.00       8910     1
  8920   10238.81    4460.00       8920     1
  8930   10251.20    4465.00       8930     1
  8940   10261.35    4470.00       8940     1
  8950   10271.94    4475.00       8950     1
  8960   10281.19    4480.00       8960     1
  8970   10293.77    4485.00       8970     1
  8980   10306.87    4490.00       8980     1
  8990   10319.32    4495.00       8990     1
  9000   10325.81    4500.00       9000     1
  9010   10337.07    4505.00       9010     1
  9020   10346.50    4510.00       9020     1
  9030   10359.26    4515.00       9030     1
  9040   10372.71    4520.00       9040     1
  9050   10383.75    4525.00       9050     1
  9060   10396.98    4530.00       9060     1
  9070   10407.48    4535.00       9070     1
  9080   10417.87    4540.00       9080     1
  9090   10431.21    4545.00       9090     1
  9100   10443.26    4550.00       9100     1
  9110   10452.59    4555.00       9110     1
  9120   10459.74    4560.00       9120     1
  9130   10469.80    4565.00       9130     1
  9140   10481.48    4570.00       9140     1
  9150   10492.48    4575.00       9150     1
  9160   10503.70    4580.00       9160     1
  9170   10521.47    4585.00       9170     1
  9180   10534.42    4590.00       9180     1
  9190   10551.11    4595.00       9190     1
  9200   10557.05    4600.00       9200     1
  9210   10566.44    4605.00       9210     1
  9220   10570.28    4610.00       9220     1
  9230   10582.45    4615.00       9230     1
  9240   10594.61    4620.00       9240     1
  9250   10604.92    4625.00       9250     1
  9260   10615.19    4630.00       9260     1
  9270   10628.16    4635.00       9270     1
  9280   10645.27    4640.00       9280     1
  9290   10655.64    4645.00       9290     1
  9300   10658.45    4650.00       9300     1
  9310   10673.78    4655.00       9310     1
  9320   10680.29    4660.00       9320     1
  9330   10693.83    4665.00       9330     1
  9340   10708.22    4670.00       9340     1
  9350   10716.13    4675.00       9350     1
  9360   10724.08    4680.00       9360     1
  9370   10747.50    4685.00       9370     1
  9380   10750.80    4690.00       9380     1
  9390   10762.53    4695.00       9390     1
  9400   10769.15    4700.00       9400     1
  9410   10779.39    4705.00       9410     1
  9420   10792.93    4710.00       9420     1
  9430   10808.34    4715.00       9430     1
  9440   10815.48    4720.00       9440     1
  9450   10828.83    4725.00       9450     1
  9460   10843.63    4730.00       9460     1
  9470   10853.79    4735.00       9470     1
  9480   10860.85    4740.00       9480     1
  9490   10875.71    4745.00       9490     1
  9500   10880.49    4750.00       9500     1
  9510   10894.19    4755.00       9510     1
  9520   10909.16    4760.00       9520     1
  9530   10914.39    4765.00       9530     1
  9540   10934.23    4770.00       9540     1
  9550   10943.43    4775.00       9550     1
  9560   10950.96    4780.00       9560     1
  9570   10962.62    4785.00       9570     1
  9580   10975.14    4790.00       9580     1
  9590   10988.72    4795.00       9590     1
  9600   10993.07    4800.00       9600     1
  9610   11003.86    4805.00       9610     1
  9620   11014.01    4810.00       9620     1
  9630   11030.60    4815.00       9630     1
  9640   11040.47    4820.00       9640     1
  9650   11050.22    4825.00       9650     1
  9660   11061.52    4830.00       9660     1
  9670   11071.91    4835.00       9670     1
  9680   11082.36    4840.00       9680     1
  9690   11092.35    4845.00       9690     1
  9700   11105.65    4850.00       9700     1
  9710   11120.27    4855.00       9710     1
  9720   11130.64    4860.00       9720     1
  9730   11138.43    4865.00       9730     1
  9740   11154.53    4870.00       9740     1
  9750   11165.44    4875.00       9750     1
  9760   11172.77    4880.00       9760     1
  9770   11051.35    4885.00       9770     1
  9780   10980.96    4890.00       9780     1
  9790   10995.31    4895.00       9790     1
  9800   11001.14    4900.00       9800     1
  9810   11011.04    4905.00       9810     1
  9820   11019.83    4910.00       9820     1
  9830   10986.31    4915.00       9830     1
  9840   10986.65    4920.00       9840     1
  9850   10986.28    4925.00       9850     1
  9860   11015.55    4930.00       9860     1
  9870   10999.54    4935.00       9870     1
  9880   10963.23    4940.00       9880     1
  9890   10770.04    4945.00       9890     1
  9900   10773.03    4950.00       9900     1
  9910   10777.89    4955.00       9910     1
  9920   10787.40    4960.00       9920     1
  9930   10793.77    4965.00       9930     1
  9940   10806.06    4970.00       9940     1
  9950   10827.59    4975.00       9950     1
  9960   10828.61    4980.00       9960     1
  9970   10840.98    4985.00       9970     1
  9980   10852.85    4990.00       9980     1
  9990   10872.91    4995.00       9990     1
  10000   10862.97    5000.00       10000     1
