Tamano  Tiempo(ns)  media_OB  max_OB  min_OB
  1000   1455.70    500.00       1000     1
  1010   1464.55    505.00       1010     1
  1020   1479.22    510.00       1020     1
  1030   1490.87    515.00       1030     1
  1040   1499.33    520.00       1040     1
  1050   1504.67    525.00       1050     1
  1060   1518.40    530.00       1060     1
  1070   1544.30    535.00       1070     1
  1080   1542.22    540.00       1080     1
  1090   1565.96    545.00       1090     1
  1100   1566.45    550.00       1100     1
  1110   1581.62    555.00       1110     1
  1120   1587.59    560.00       1120     1
  1130   1605.58    565.00       1130     1
  1140   1608.51    570.00       1140     1
  1150   1628.61    575.00       1150     1
  1160   1640.60    580.00       1160     1
  1170   1652.31    585.00       1170     1
  1180   1654.83    590.00       1180     1
  1190   1664.12    595.00       1190     1
  1200   1674.92    600.00       1200     1
  1210   1692.31    605.00       1210     1
  1220   1703.20    610.00       1220     1
  1230   1706.50    615.00       1230     1
  1240   1728.95    620.00       1240     1
  1250   1729.04    625.00       1250     1
  1260   1740.08    630.00       1260     1
  1270   1759.13    635.00       1270     1
  1280   1763.44    640.00       1280     1
  1290   1777.21    645.00       1290     1
  1300   1775.54    650.00       1300     1
  1310   1794.73    655.00       1310     1
  1320   1805.98    660.00       1320     1
  1330   1820.53    665.00       1330     1
  1340   1827.54    670.00       1340     1
  1350   1843.19    675.00       1350     1
  1360   1853.38    680.00       1360     1
  1370   1862.41    685.00       1370     1
  1380   1864.13    690.00       1380     1
  1390   1891.15    695.00       1390     1
  1400   1899.50    700.00       1400     1
  1410   1906.24    705.00       1410     1
  1420   1927.68    710.00       1420     1
  1430   1935.87    715.00       1430     1
  1440   1947.08    720.00       1440     1
  1450   1956.21    725.00       1450     1
  1460   1965.00    730.00       1460     1
  1470   1978.10    735.00       1470     1
  1480   1992.84    740.00       1480     1
  1490   2000.40    745.00       1490     1
  1500   2016.00    750.00       1500     1
  1510   2021.79    755.00       1510     1
  1520   2036.71    760.00       1520     1
  1530   2043.01    765.00       1530     1
  1540   2055.26    770.00       1540     1
  1550   2064.97    775.00       1550     1
  1560   2078.08    780.00       1560     1
  1570   2093.12    785.00       1570     1
  1580   2103.67    790.00       1580     1
  1590   2111.51    795.00       1590     1
  1600   2121.50    800.00       1600     1
  1610   2124.72    805.00       1610     1
  1620   2137.10    810.00       1620     1
  1630   2157.24    815.00       1630     1
  1640   2159.57    820.00       1640     1
  1650   2173.09    825.00       1650     1
  1660   2187.29    830.00       1660     1
  1670   2199.88    835.00       1670     1
  1680   2205.18    840.00       1680     1
  1690   2216.27    845.00       1690     1
  1700   2226.00    850.00       1700     1
  1710   2240.70    855.00       1710     1
  1720   2247.85    860.00       1720     1
  1730   2268.38    865.00       1730     1
  1740   2287.41    870.00       1740     1
  1750   2291.89    875.00       1750     1
  1760   2300.91    880.00       1760     1
  1770   2306.05    885.00       1770     1
  1780   2317.08    890.00       1780     1
  1790   2333.85    895.00       1790     1
  1800   2340.56    900.00       1800     1
  1810   2357.57    905.00       1810     1
  1820   2360.99    910.00       1820     1
  1830   2370.49    915.00       1830     1
  1840   2383.97    920.00       1840     1
  1850   2393.89    925.00       1850     1
  1860   2413.60    930.00       1860     1
  1870   2415.13    935.00       1870     1
  1880   2427.29    940.00       1880     1
  1890   2441.32    945.00       1890     1
  1900   2449.47    950.00       1900     1
  1910   2468.27    955.00       1910     1
  1920   2528.49    960.00       1920     1
  1930   2498.50    965.00       1930     1
  1940   2496.34    970.00       1940     1
  1950   2509.95    975.00       1950     1
  1960   2517.45    980.00       1960     1
  1970   2530.56    985.00       1970     1
  1980   2544.39    990.00       1980     1
  1990   2546.83    995.00       1990     1
  2000   2572.40    1000.00       2000     1
  2010   2572.19    1005.00       2010     1
  2020   2577.52    1010.00       2020     1
  2030   2591.03    1015.00       2030     1
  2040   2609.41    1020.00       2040     1
  2050   2617.12    1025.00       2050     1
  2060   2623.35    1030.00       2060     1
  2070   2646.81    1035.00       2070     1
  2080   2654.86    1040.00       2080     1
  2090   2671.15    1045.00       2090     1
  2100   2678.90    1050.00       2100     1
  2110   2686.16    1055.00       2110     1
  2120   2699.91    1060.00       2120     1
  2130   2705.63    1065.00       2130     1
  2140   2718.22    1070.00       2140     1
  2150   2731.86    1075.00       2150     1
  2160   2732.45    1080.00       2160     1
  2170   2743.41    1085.00       2170     1
  2180   2769.68    1090.00       2180     1
  2190   2772.01    1095.00       2190     1
  2200   2780.64    1100.00       2200     1
  2210   2789.59    1105.00       2210     1
  2220   2805.14    1110.00       2220     1
  2230   2812.56    1115.00       2230     1
  2240   2834.02    1120.00       2240     1
  2250   2841.56    1125.00       2250     1
  2260   2850.71    1130.00       2260     1
  2270   2864.76    1135.00       2270     1
  2280   2874.30    1140.00       2280     1
  2290   2887.64    1145.00       2290     1
  2300   2892.22    1150.00       2300     1
  2310   2907.53    1155.00       2310     1
  2320   2925.65    1160.00       2320     1
  2330   2923.00    1165.00       2330     1
  2340   2940.68    1170.00       2340     1
  2350   2946.64    1175.00       2350     1
  2360   2958.35    1180.00       2360     1
  2370   2968.06    1185.00       2370     1
  2380   2986.68    1190.00       2380     1
  2390   2999.50    1195.00       2390     1
  2400   3002.08    1200.00       2400     1
  2410   3014.81    1205.00       2410     1
  2420   3030.95    1210.00       2420     1
  2430   3037.57    1215.00       2430     1
  2440   3049.10    1220.00       2440     1
  2450   3066.94    1225.00       2450     1
  2460   3071.75    1230.00       2460     1
  2470   3081.50    1235.00       2470     1
  2480   3093.75    1240.00       2480     1
  2490   3105.86    1245.00       2490     1
  2500   3112.72    1250.00       2500     1
  2510   3129.40    1255.00       2510     1
  2520   3140.40    1260.00       2520     1
  2530   3157.08    1265.00       2530     1
  2540   3161.61    1270.00       2540     1
  2550   3171.29    1275.00       2550     1
  2560   3183.24    1280.00       2560     1
  2570   3192.68    1285.00       2570     1
  2580   3204.77    1290.00       2580     1
  2590   3221.58    1295.00       2590     1
  2600   3224.15    1300.00       2600     1
  2610   3239.85    1305.00       2610     1
  2620   3251.60    1310.00       2620     1
  2630   3258.44    1315.00       2630     1
  2640   3281.33    1320.00       2640     1
  2650   3283.96    1325.00       2650     1
  2660   3292.97    1330.00       2660     1
  2670   3310.26    1335.00       2670     1
  2680   3320.93    1340.00       2680     1
  2690   3322.86    1345.00       2690     1
  2700   3339.74    1350.00       2700     1
  2710   3349.11    1355.00       2710     1
  2720   3359.78    1360.00       2720     1
  2730   3369.78    1365.00       2730     1
  2740   3380.62    1370.00       2740     1
  2750   3393.45    1375.00       2750     1
  2760   3402.07    1380.00       2760     1
  2770   3416.25    1385.00       2770     1
  2780   3429.42    1390.00       2780     1
  2790   3430.54    1395.00       2790     1
  2800   3442.68    1400.00       2800     1
  2810   3457.86    1405.00       2810     1
  2820   3471.77    1410.00       2820     1
  2830   3476.78    1415.00       2830     1
  2840   3490.46    1420.00       2840     1
  2850   3508.77    1425.00       2850     1
  2860   3523.99    1430.00       2860     1
  2870   3524.77    1435.00       2870     1
  2880   3535.97    1440.00       2880     1
  2890   3549.20    1445.00       2890     1
  2900   3562.69    1450.00       2900     1
  2910   3573.16    1455.00       2910     1
  2920   3584.14    1460.00       2920     1
  2930   3595.26    1465.00       2930     1
  2940   3605.27    1470.00       2940     1
  2950   3615.39    1475.00       2950     1
  2960   3626.39    1480.00       2960     1
  2970   3636.63    1485.00       2970     1
  2980   3652.28    1490.00       2980     1
  2990   3659.70    1495.00       2990     1
  3000   3666.43    1500.00       3000     1
  3010   3682.23    1505.00       3010     1
  3020   3691.52    1510.00       3020     1
  3030   3703.37    1515.00       3030     1
  3040   3717.27    1520.00       3040     1
  3050   3726.23    1525.00       3050     1
  3060   3735.92    1530.00       3060     1
  3070   3747.30    1535.00       3070     1
  3080   3760.62    1540.00       3080     1
  3090   3775.11    1545.00       3090     1
  3100   3780.84    1550.00       3100     1
  3110   3794.18    1555.00       3110     1
  3120   3805.58    1560.00       3120     1
  3130   3816.45    1565.00       3130     1
  3140   3828.76    1570.00       3140     1
  3150   3834.32    1575.00       3150     1
  3160   3849.62    1580.00       3160     1
  3170   3857.48    1585.00       3170     1
  3180   3868.58    1590.00       3180     1
  3190   3882.45    1595.00       3190     1
  3200   3891.91    1600.00       3200     1
  3210   3899.25    1605.00       3210     1
  3220   3908.11    1610.00       3220     1
  3230   3921.55    1615.00       3230     1
  3240   3940.62    1620.00       3240     1
  3250   3945.97    1625.00       3250     1
  3260   3960.52    1630.00       3260     1
  3270   3971.10    1635.00       3270     1
  3280   3984.09    1640.00       3280     1
  3290   3987.63    1645.00       3290     1
  3300   4003.79    1650.00       3300     1
  3310   4014.17    1655.00       3310     1
  3320   4023.83    1660.00       3320     1
  3330   4039.97    1665.00       3330     1
  3340   4050.06    1670.00       3340     1
  3350   4063.22    1675.00       3350     1
  3360   4071.82    1680.00       3360     1
  3370   4079.67    1685.00       3370     1
  3380   4094.29    1690.00       3380     1
  3390   4097.23    1695.00       3390     1
  3400   4113.32    1700.00       3400     1
  3410   4127.30    1705.00       3410     1
  3420   4132.95    1710.00       3420     1
  3430   4145.28    1715.00       3430     1
  3440   4159.27    1720.00       3440     1
  3450   4169.10    1725.00       3450     1
  3460   4181.99    1730.00       3460     1
  3470   4190.84    1735.00       3470     1
  3480   4203.99    1740.00       3480     1
  3490   4213.47    1745.00       3490     1
  3500   4221.89    1750.00       3500     1
  3510   4230.63    1755.00       3510     1
  3520   4249.49    1760.00       3520     1
  3530   4262.27    1765.00       3530     1
  3540   4271.89    1770.00       3540     1
  3550   4281.32    1775.00       3550     1
  3560   4294.58    1780.00       3560     1
  3570   4308.57    1785.00       3570     1
  3580   4315.87    1790.00       3580     1
  3590   4328.38    1795.00       3590     1
  3600   4339.81    1800.00       3600     1
  3610   4353.13    1805.00       3610     1
  3620   4360.61    1810.00       3620     1
  3630   4369.04    1815.00       3630     1
  3640   4381.43    1820.00       3640     1
  3650   4395.62    1825.00       3650     1
  3660   4406.15    1830.00       3660     1
  3670   4416.43    1835.00       3670     1
  3680   4424.10    1840.00       3680     1
  3690   4437.13    1845.00       3690     1
  3700   4444.54    1850.00       3700     1
  3710   4460.19    1855.00       3710     1
  3720   4467.55    1860.00       3720     1
  3730   4482.06    1865.00       3730     1
  3740   4492.06    1870.00       3740     1
  3750   4502.05    1875.00       3750     1
  3760   4512.63    1880.00       3760     1
  3770   4526.92    1885.00       3770     1
  3780   4533.78    1890.00       3780     1
  3790   4551.58    1895.00       3790     1
  3800   4556.87    1900.00       3800     1
  3810   4567.66    1905.00       3810     1
  3820   4583.35    1910.00       3820     1
  3830   4591.85    1915.00       3830     1
  3840   4606.38    1920.00       3840     1
  3850   4619.17    1925.00       3850     1
  3860   4623.13    1930.00       3860     1
  3870   4636.25    1935.00       3870     1
  3880   4650.21    1940.00       3880     1
  3890   4659.07    1945.00       3890     1
  3900   4672.26    1950.00       3900     1
  3910   4676.52    1955.00       3910     1
  3920   4690.13    1960.00       3920     1
  3930   4698.45    1965.00       3930     1
  3940   4711.19    1970.00       3940     1
  3950   4722.81    1975.00       3950     1
  3960   4733.64    1980.00       3960     1
  3970   4744.76    1985.00       3970     1
  3980   4757.46    1990.00       3980     1
  3990   4772.56    1995.00       3990     1
  4000   4778.25    2000.00       4000     1
  4010   4795.64    2005.00       4010     1
  4020   4804.60    2010.00       4020     1
  4030   4811.07    2015.00       4030     1
  4040   4826.29    2020.00       4040     1
  4050   4837.90    2025.00       4050     1
  4060   4843.40    2030.00       4060     1
  4070   4852.75    2035.00       4070     1
  4080   4870.12    2040.00       4080     1
  4090   4874.96    2045.00       4090     1
  4100   4891.80    2050.00       4100     1
  4110   4900.41    2055.00       4110     1
  4120   4913.93    2060.00       4120     1
  4130   4926.85    2065.00       4130     1
  4140   4932.97    2070.00       4140     1
  4150   4949.83    2075.00       4150     1
  4160   4953.97    2080.00       4160     1
  4170   4974.05    2085.00       4170     1
  4180   4977.30    2090.00       4180     1
  4190   4994.32    2095.00       4190     1
  4200   5000.83    2100.00       4200     1
  4210   5015.04    2105.00       4210     1
  4220   5025.47    2110.00       4220     1
  4230   5033.62    2115.00       4230     1
  4240   5047.05    2120.00       4240     1
  4250   5056.92    2125.00       4250     1
  4260   5068.45    2130.00       4260     1
  4270   5079.30    2135.00       4270     1
  4280   5086.54    2140.00       4280     1
  4290   5096.48    2145.00       4290     1
  4300   5113.30    2150.00       4300     1
  4310   5122.34    2155.00       4310     1
  4320   5135.67    2160.00       4320     1
  4330   5150.02    2165.00       4330     1
  4340   5156.18    2170.00       4340     1
  4350   5169.31    2175.00       4350     1
  4360   5183.03    2180.00       4360     1
  4370   5186.50    2185.00       4370     1
  4380   5201.55    2190.00       4380     1
  4390   5210.39    2195.00       4390     1
  4400   5221.16    2200.00       4400     1
  4410   5235.06    2205.00       4410     1
  4420   5244.77    2210.00       4420     1
  4430   5255.01    2215.00       4430     1
  4440   5264.21    2220.00       4440     1
  4450   5275.89    2225.00       4450     1
  4460   5292.44    2230.00       4460     1
  4470   5301.50    2235.00       4470     1
  4480   5309.04    2240.00       4480     1
  4490   5323.88    2245.00       4490     1
  4500   5335.89    2250.00       4500     1
  4510   5345.88    2255.00       4510     1
  4520   5355.38    2260.00       4520     1
  4530   5362.12    2265.00       4530     1
  4540   5377.09    2270.00       4540     1
  4550   5390.48    2275.00       4550     1
  4560   5401.69    2280.00       4560     1
  4570   5412.01    2285.00       4570     1
  4580   5421.07    2290.00       4580     1
  4590   5434.40    2295.00       4590     1
  4600   5445.41    2300.00       4600     1
  4610   5456.03    2305.00       4610     1
  4620   5465.09    2310.00       4620     1
  4630   5479.48    2315.00       4630     1
  4640   5492.95    2320.00       4640     1
  4650   5498.32    2325.00       4650     1
  4660   5532.32    2330.00       4660     1
  4670   5537.97    2335.00       4670     1
  4680   5535.79    2340.00       4680     1
  4690   5558.57    2345.00       4690     1
  4700   5560.38    2350.00       4700     1
  4710   5568.39    2355.00       4710     1
  4720   5578.81    2360.00       4720     1
  4730   5584.69    2365.00       4730     1
  4740   5597.11    2370.00       4740     1
  4750   5614.46    2375.00       4750     1
  4760   5624.12    2380.00       4760     1
  4770   5637.11    2385.00       4770     1
  4780   5642.15    2390.00       4780     1
  4790   5653.72    2395.00       4790     1
  4800   5664.12    2400.00       4800     1
  4810   5675.59    2405.00       4810     1
  4820   5685.31    2410.00       4820     1
  4830   5698.12    2415.00       4830     1
  4840   5709.48    2420.00       4840     1
  4850   5725.81    2425.00       4850     1
  4860   5729.88    2430.00       4860     1
  4870   5746.02    2435.00       4870     1
  4880   5757.05    2440.00       4880     1
  4890   5762.74    2445.00       4890     1
  4900   5775.31    2450.00       4900     1
  4910   5783.50    2455.00       4910     1
  4920   5798.66    2460.00       4920     1
  4930   5806.47    2465.00       4930     1
  4940   5821.92    2470.00       4940     1
  4950   5825.88    2475.00       4950     1
  4960   5842.58    2480.00       4960     1
  4970   5855.77    2485.00       4970     1
  4980   5865.38    2490.00       4980     1
  4990   5877.49    2495.00       4990     1
  5000   5888.04    2500.00       5000     1
  5010   5896.91    2505.00       5010     1
  5020   5909.90    2510.00       5020     1
  5030   5916.98    2515.00       5030     1
  5040   5926.41    2520.00       5040     1
  5050   5940.89    2525.00       5050     1
  5060   5950.81    2530.00       5060     1
  5070   5968.01    2535.00       5070     1
  5080   5974.15    2540.00       5080     1
  5090   5988.25    2545.00       5090     1
  5100   5997.27    2550.00       5100     1
  5110   6009.33    2555.00       5110     1
  5120   6023.98    2560.00       5120     1
  5130   6029.59    2565.00       5130     1
  5140   6044.75    2570.00       5140     1
  5150   6051.84    2575.00       5150     1
  5160   6066.03    2580.00       5160     1
  5170   6074.91    2585.00       5170     1
  5180   6090.60    2590.00       5180     1
  5190   6099.54    2595.00       5190     1
  5200   6109.54    2600.00       5200     1
  5210   6121.34    2605.00       5210     1
  5220   6132.16    2610.00       5220     1
  5230   6147.99    2615.00       5230     1
  5240   6147.58    2620.00       5240     1
  5250   6165.12    2625.00       5250     1
  5260   6177.41    2630.00       5260     1
  5270   6182.16    2635.00       5270     1
  5280   6198.66    2640.00       5280     1
  5290   6215.05    2645.00       5290     1
  5300   6219.17    2650.00       5300     1
  5310   6227.53    2655.00       5310     1
  5320   6237.46    2660.00       5320     1
  5330   6253.88    2665.00       5330     1
  5340   6266.40    2670.00       5340     1
  5350   6275.68    2675.00       5350     1
  5360   6288.38    2680.00       5360     1
  5370   6297.28    2685.00       5370     1
  5380   6310.71    2690.00       5380     1
  5390   6320.11    2695.00       5390     1
  5400   6326.89    2700.00       5400     1
  5410   6338.87    2705.00       5410     1
  5420   6355.11    2710.00       5420     1
  5430   6364.79    2715.00       5430     1
  5440   6371.12    2720.00       5440     1
  5450   6386.26    2725.00       5450     1
  5460   6395.97    2730.00       5460     1
  5470   6406.12    2735.00       5470     1
  5480   6415.97    2740.00       5480     1
  5490   6428.40    2745.00       5490     1
  5500   6438.82    2750.00       5500     1
  5510   6451.00    2755.00       5510     1
  5520   6459.80    2760.00       5520     1
  5530   6475.71    2765.00       5530     1
  5540   6489.98    2770.00       5540     1
  5550   6494.63    2775.00       5550     1
  5560   6512.18    2780.00       5560     1
  5570   6518.04    2785.00       5570     1
  5580   6530.38    2790.00       5580     1
  5590   6538.43    2795.00       5590     1
  5600   6553.38    2800.00       5600     1
  5610   6563.89    2805.00       5610     1
  5620   6575.39    2810.00       5620     1
  5630   6587.37    2815.00       5630     1
  5640   6595.09    2820.00       5640     1
  5650   6608.35    2825.00       5650     1
  5660   6616.29    2830.00       5660     1
  5670   6623.84    2835.00       5670     1
  5680   6637.89    2840.00       5680     1
  5690   6650.54    2845.00       5690     1
  5700   6660.28    2850.00       5700     1
  5710   6672.26    2855.00       5710     1
  5720   6682.83    2860.00       5720     1
  5730   6692.46    2865.00       5730     1
  5740   6704.76    2870.00       5740     1
  5750   6717.04    2875.00       5750     1
  5760   6724.93    2880.00       5760     1
  5770   6742.11    2885.00       5770     1
  5780   6751.18    2890.00       5780     1
  5790   6759.97    2895.00       5790     1
  5800   6771.19    2900.00       5800     1
  5810   6785.23    2905.00       5810     1
  5820   6798.01    2910.00       5820     1
  5830   6804.85    2915.00       5830     1
  5840   6814.50    2920.00       5840     1
  5850   6827.57    2925.00       5850     1
  5860   6839.68    2930.00       5860     1
  5870   6850.61    2935.00       5870     1
  5880   6863.28    2940.00       5880     1
  5890   6874.87    2945.00       5890     1
  5900   6880.76    2950.00       5900     1
  5910   6894.72    2955.00       5910     1
  5920   6901.35    2960.00       5920     1
  5930   6915.38    2965.00       5930     1
  5940   6926.53    2970.00       5940     1
  5950   6939.01    2975.00       5950     1
  5960   6950.67    2980.00       5960     1
  5970   6960.25    2985.00       5970     1
  5980   6969.38    2990.00       5980     1
  5990   6982.29    2995.00       5990     1
  6000   6996.28    3000.00       6000     1
  6010   7002.81    3005.00       6010     1
  6020   7018.46    3010.00       6020     1
  6030   7028.99    3015.00       6030     1
  6040   7037.48    3020.00       6040     1
  6050   7049.17    3025.00       6050     1
  6060   7062.52    3030.00       6060     1
  6070   7071.48    3035.00       6070     1
  6080   7082.06    3040.00       6080     1
  6090   7091.05    3045.00       6090     1
  6100   7097.75    3050.00       6100     1
  6110   7114.40    3055.00       6110     1
  6120   7127.01    3060.00       6120     1
  6130   7142.09    3065.00       6130     1
  6140   7151.84    3070.00       6140     1
  6150   7158.18    3075.00       6150     1
  6160   7169.98    3080.00       6160     1
  6170   7181.62    3085.00       6170     1
  6180   7192.54    3090.00       6180     1
  6190   7204.86    3095.00       6190     1
  6200   7216.23    3100.00       6200     1
  6210   7228.15    3105.00       6210     1
  6220   7237.25    3110.00       6220     1
  6230   7249.57    3115.00       6230     1
  6240   7261.46    3120.00       6240     1
  6250   7271.33    3125.00       6250     1
  6260   7280.61    3130.00       6260     1
  6270   7290.45    3135.00       6270     1
  6280   7302.71    3140.00       6280     1
  6290   7314.99    3145.00       6290     1
  6300   7327.73    3150.00       6300     1
  6310   7341.82    3155.00       6310     1
  6320   7348.91    3160.00       6320     1
  6330   7359.73    3165.00       6330     1
  6340   7370.00    3170.00       6340     1
  6350   7383.10    3175.00       6350     1
  6360   7394.58    3180.00       6360     1
  6370   7401.93    3185.00       6370     1
  6380   7417.82    3190.00       6380     1
  6390   7426.42    3195.00       6390     1
  6400   7439.41    3200.00       6400     1
  6410   7447.02    3205.00       6410     1
  6420   7458.85    3210.00       6420     1
  6430   7466.66    3215.00       6430     1
  6440   7485.84    3220.00       6440     1
  6450   7494.62    3225.00       6450     1
  6460   7502.99    3230.00       6460     1
  6470   7515.22    3235.00       6470     1
  6480   7527.22    3240.00       6480     1
  6490   7532.79    3245.00       6490     1
  6500   7547.57    3250.00       6500     1
  6510   7559.11    3255.00       6510     1
  6520   7570.64    3260.00       6520     1
  6530   7582.63    3265.00       6530     1
  6540   7593.26    3270.00       6540     1
  6550   7603.97    3275.00       6550     1
  6560   7612.93    3280.00       6560     1
  6570   7624.19    3285.00       6570     1
  6580   7632.87    3290.00       6580     1
  6590   7644.17    3295.00       6590     1
  6600   7658.15    3300.00       6600     1
  6610   7668.32    3305.00       6610     1
  6620   7679.17    3310.00       6620     1
  6630   7695.73    3315.00       6630     1
  6640   7701.43    3320.00       6640     1
  6650   7715.98    3325.00       6650     1
  6660   7722.34    3330.00       6660     1
  6670   7737.03    3335.00       6670     1
  6680   7748.14    3340.00       6680     1
  6690   7759.51    3345.00       6690     1
  6700   7771.25    3350.00       6700     1
  6710   7782.62    3355.00       6710     1
  6720   7793.05    3360.00       6720     1
  6730   7802.12    3365.00       6730     1
  6740   7815.13    3370.00       6740     1
  6750   7824.79    3375.00       6750     1
  6760   7837.68    3380.00       6760     1
  6770   7844.48    3385.00       6770     1
  6780   7858.64    3390.00       6780     1
  6790   7870.77    3395.00       6790     1
  6800   7881.51    3400.00       6800     1
  6810   7887.84    3405.00       6810     1
  6820   7907.60    3410.00       6820     1
  6830   7914.11    3415.00       6830     1
  6840   7925.73    3420.00       6840     1
  6850   7935.07    3425.00       6850     1
  6860   7946.84    3430.00       6860     1
  6870   7957.86    3435.00       6870     1
  6880   7967.56    3440.00       6880     1
  6890   7981.58    3445.00       6890     1
  6900   7989.46    3450.00       6900     1
  6910   7999.78    3455.00       6910     1
  6920   8011.13    3460.00       6920     1
  6930   8027.46    3465.00       6930     1
  6940   8036.99    3470.00       6940     1
  6950   8048.20    3475.00       6950     1
  6960   8059.61    3480.00       6960     1
  6970   8069.43    3485.00       6970     1
  6980   8080.70    3490.00       6980     1
  6990   8093.48    3495.00       6990     1
  7000   8104.11    3500.00       7000     1
  7010   8116.08    3505.00       7010     1
  7020   8123.87    3510.00       7020     1
  7030   8132.67    3515.00       7030     1
  7040   8144.36    3520.00       7040     1
  7050   8159.04    3525.00       7050     1
  7060   8169.94    3530.00       7060     1
  7070   8179.39    3535.00       7070     1
  7080   8189.76    3540.00       7080     1
  7090   8202.92    3545.00       7090     1
  7100   8213.25    3550.00       7100     1
  7110   8225.56    3555.00       7110     1
  7120   8238.61    3560.00       7120     1
  7130   8249.42    3565.00       7130     1
  7140   8255.99    3570.00       7140     1
  7150   8266.81    3575.00       7150     1
  7160   8281.12    3580.00       7160     1
  7170   8292.65    3585.00       7170     1
  7180   8303.08    3590.00       7180     1
  7190   8312.84    3595.00       7190     1
  7200   8326.53    3600.00       7200     1
  7210   8332.94    3605.00       7210     1
  7220   8346.70    3610.00       7220     1
  7230   8358.23    3615.00       7230     1
  7240   8373.88    3620.00       7240     1
  7250   8377.39    3625.00       7250     1
  7260   8390.04    3630.00       7260     1
  7270   8402.45    3635.00       7270     1
  7280   8411.98    3640.00       7280     1
  7290   8423.65    3645.00       7290     1
  7300   8435.18    3650.00       7300     1
  7310   8445.21    3655.00       7310     1
  7320   8455.34    3660.00       7320     1
  7330   8468.51    3665.00       7330     1
  7340   8479.48    3670.00       7340     1
  7350   8491.99    3675.00       7350     1
  7360   8499.88    3680.00       7360     1
  7370   8515.74    3685.00       7370     1
  7380   8524.66    3690.00       7380     1
  7390   8536.33    3695.00       7390     1
  7400   8545.70    3700.00       7400     1
  7410   8558.49    3705.00       7410     1
  7420   8568.87    3710.00       7420     1
  7430   8578.79    3715.00       7430     1
  7440   8591.98    3720.00       7440     1
  7450   8610.28    3725.00       7450     1
  7460   8651.09    3730.00       7460     1
  7470   8623.17    3735.00       7470     1
  7480   8636.08    3740.00       7480     1
  7490   8644.57    3745.00       7490     1
  7500   8659.19    3750.00       7500     1
  7510   8668.16    3755.00       7510     1
  7520   8681.21    3760.00       7520     1
  7530   8695.56    3765.00       7530     1
  7540   8701.72    3770.00       7540     1
  7550   8713.66    3775.00       7550     1
  7560   8723.64    3780.00       7560     1
  7570   8734.98    3785.00       7570     1
  7580   8753.10    3790.00       7580     1
  7590   8759.43    3795.00       7590     1
  7600   8766.64    3800.00       7600     1
  7610   8781.18    3805.00       7610     1
  7620   8788.52    3810.00       7620     1
  7630   8803.49    3815.00       7630     1
  7640   8811.73    3820.00       7640     1
  7650   8826.97    3825.00       7650     1
  7660   8838.52    3830.00       7660     1
  7670   8847.30    3835.00       7670     1
  7680   8856.86    3840.00       7680     1
  7690   8866.02    3845.00       7690     1
  7700   8880.36    3850.00       7700     1
  7710   8884.94    3855.00       7710     1
  7720   8902.23    3860.00       7720     1
  7730   8912.52    3865.00       7730     1
  7740   8923.76    3870.00       7740     1
  7750   8934.71    3875.00       7750     1
  7760   8946.30    3880.00       7760     1
  7770   8954.71    3885.00       7770     1
  7780   8967.99    3890.00       7780     1
  7790   8978.19    3895.00       7790     1
  7800   8995.17    3900.00       7800     1
  7810   9003.89    3905.00       7810     1
  7820   9010.49    3910.00       7820     1
  7830   9023.77    3915.00       7830     1
  7840   9036.81    3920.00       7840     1
  7850   9045.91    3925.00       7850     1
  7860   9058.58    3930.00       7860     1
  7870   9067.33    3935.00       7870     1
  7880   9080.51    3940.00       7880     1
  7890   9090.49    3945.00       7890     1
  7900   9099.67    3950.00       7900     1
  7910   9111.61    3955.00       7910     1
  7920   9123.78    3960.00       7920     1
  7930   9138.26    3965.00       7930     1
  7940   9148.70    3970.00       7940     1
  7950   9158.57    3975.00       7950     1
  7960   9169.08    3980.00       7960     1
  7970   9178.64    3985.00       7970     1
  7980   9190.34    3990.00       7980     1
  7990   9200.24    3995.00       7990     1
  8000   9213.70    4000.00       8000     1
  8010   9226.43    4005.00       8010     1
  8020   9234.58    4010.00       8020     1
  8030   9247.29    4015.00       8030     1
  8040   9256.58    4020.00       8040     1
  8050   9267.09    4025.00       8050     1
  8060   9275.10    4030.00       8060     1
  8070   9290.52    4035.00       8070     1
  8080   9298.49    4040.00       8080     1
  8090   9312.61    4045.00       8090     1
  8100   9325.05    4050.00       8100     1
  8110   9336.10    4055.00       8110     1
  8120   9346.92    4060.00       8120     1
  8130   9354.55    4065.00       8130     1
  8140   9369.25    4070.00       8140     1
  8150   9378.87    4075.00       8150     1
  8160   9388.48    4080.00       8160     1
  8170   9402.04    4085.00       8170     1
  8180   9411.01    4090.00       8180     1
  8190   9421.95    4095.00       8190     1
  8200   9433.77    4100.00       8200     1
  8210   9445.13    4105.00       8210     1
  8220   9456.19    4110.00       8220     1
  8230   9465.46    4115.00       8230     1
  8240   9516.15    4120.00       8240     1
  8250   9516.00    4125.00       8250     1
  8260   9518.43    4130.00       8260     1
  8270   9527.87    4135.00       8270     1
  8280   9525.68    4140.00       8280     1
  8290   9532.70    4145.00       8290     1
  8300   9549.23    4150.00       8300     1
  8310   9557.75    4155.00       8310     1
  8320   9572.49    4160.00       8320     1
  8330   9581.76    4165.00       8330     1
  8340   9590.22    4170.00       8340     1
  8350   9602.59    4175.00       8350     1
  8360   9614.99    4180.00       8360     1
  8370   9624.47    4185.00       8370     1
  8380   9634.16    4190.00       8380     1
  8390   9645.64    4195.00       8390     1
  8400   9657.70    4200.00       8400     1
  8410   9669.27    4205.00       8410     1
  8420   9683.53    4210.00       8420     1
  8430   9691.89    4215.00       8430     1
  8440   9699.66    4220.00       8440     1
  8450   9721.25    4225.00       8450     1
  8460   9733.13    4230.00       8460     1
  8470   9735.84    4235.00       8470     1
  8480   9746.51    4240.00       8480     1
  8490   9757.39    4245.00       8490     1
  8500   9766.22    4250.00       8500     1
  8510   9776.32    4255.00       8510     1
  8520   9794.78    4260.00       8520     1
  8530   9802.29    4265.00       8530     1
  8540   9813.00    4270.00       8540     1
  8550   9826.26    4275.00       8550     1
  8560   9836.47    4280.00       8560     1
  8570   9846.84    4285.00       8570     1
  8580   9858.47    4290.00       8580     1
  8590   9868.68    4295.00       8590     1
  8600   9881.14    4300.00       8600     1
  8610   9889.36    4305.00       8610     1
  8620   9904.44    4310.00       8620     1
  8630   9911.34    4315.00       8630     1
  8640   9926.59    4320.00       8640     1
  8650   9935.95    4325.00       8650     1
  8660   9944.94    4330.00       8660     1
  8670   9959.76    4335.00       8670     1
  8680   9969.48    4340.00       8680     1
  8690   9984.68    4345.00       8690     1
  8700   9992.66    4350.00       8700     1
  8710   10006.07    4355.00       8710     1
  8720   10019.39    4360.00       8720     1
  8730   10026.20    4365.00       8730     1
  8740   10037.20    4370.00       8740     1
  8750   10050.34    4375.00       8750     1
  8760   10060.26    4380.00       8760     1
  8770   10074.31    4385.00       8770     1
  8780   10083.59    4390.00       8780     1
  8790   10096.39    4395.00       8790     1
  8800   10113.69    4400.00       8800     1
  8810   10111.35    4405.00       8810     1
  8820   10121.78    4410.00       8820     1
  8830   10134.99    4415.00       8830     1
  8840   10145.72    4420.00       8840     1
  8850   10157.57    4425.00       8850     1
  8860   10170.23    4430.00       8860     1
  8870   10181.20    4435.00       8870     1
  8880   10196.95    4440.00       8880     1
  8890   10205.46    4445.00       8890     1
  8900   10218.98    4450.00       8900     1
  8910   10227.49    4455.00       8910     1
  8920   10235.55    4460.00       8920     1
  8930   10255.27    4465.00       8930     1
  8940   10283.26    4470.00       8940     1
  8950   10280.53    4475.00       8950     1
  8960   10282.85    4480.00       8960     1
  8970   10292.19    4485.00       8970     1
  8980   10301.12    4490.00       8980     1
  8990   10312.65    4495.00       8990     1
  9000   10325.70    4500.00       9000     1
  9010   10334.93    4505.00       9010     1
  9020   10344.69    4510.00       9020     1
  9030   10358.65    4515.00       9030     1
  9040   10368.56    4520.00       9040     1
  9050   10380.27    4525.00       9050     1
  9060   10388.16    4530.00       9060     1
  9070   10401.79    4535.00       9070     1
  9080   10412.90    4540.00       9080     1
  9090   10431.67    4545.00       9090     1
  9100   10433.79    4550.00       9100     1
  9110   10446.03    4555.00       9110     1
  9120   10454.51    4560.00       9120     1
  9130   10468.16    4565.00       9130     1
  9140   10478.49    4570.00       9140     1
  9150   10489.09    4575.00       9150     1
  9160   10500.96    4580.00       9160     1
  9170   10512.50    4585.00       9170     1
  9180   10523.83    4590.00       9180     1
  9190   10538.35    4595.00       9190     1
  9200   10543.63    4600.00       9200     1
  9210   10555.64    4605.00       9210     1
  9220   10567.40    4610.00       9220     1
  9230   10580.91    4615.00       9230     1
  9240   10589.78    4620.00       9240     1
  9250   10601.23    4625.00       9250     1
  9260   10614.02    4630.00       9260     1
  9270   10621.00    4635.00       9270     1
  9280   10635.46    4640.00       9280     1
  9290   10644.75    4645.00       9290     1
  9300   10658.23    4650.00       9300     1
  9310   10666.09    4655.00       9310     1
  9320   10678.24    4660.00       9320     1
  9330   10693.39    4665.00       9330     1
  9340   10701.76    4670.00       9340     1
  9350   10708.87    4675.00       9350     1
  9360   10722.88    4680.00       9360     1
  9370   10734.33    4685.00       9370     1
  9380   10744.04    4690.00       9380     1
  9390   10755.93    4695.00       9390     1
  9400   10767.93    4700.00       9400     1
  9410   10778.54    4705.00       9410     1
  9420   10788.50    4710.00       9420     1
  9430   10800.28    4715.00       9430     1
  9440   10809.79    4720.00       9440     1
  9450   10825.16    4725.00       9450     1
  9460   10833.16    4730.00       9460     1
  9470   10848.66    4735.00       9470     1
  9480   10857.69    4740.00       9480     1
  9490   10868.41    4745.00       9490     1
  9500   10877.44    4750.00       9500     1
  9510   10890.20    4755.00       9510     1
  9520   10901.83    4760.00       9520     1
  9530   10910.65    4765.00       9530     1
  9540   10930.07    4770.00       9540     1
  9550   10937.16    4775.00       9550     1
  9560   10943.50    4780.00       9560     1
  9570   10955.34    4785.00       9570     1
  9580   10964.93    4790.00       9580     1
  9590   10981.41    4795.00       9590     1
  9600   10991.22    4800.00       9600     1
  9610   11001.49    4805.00       9610     1
  9620   11015.50    4810.00       9620     1
  9630   11021.45    4815.00       9630     1
  9640   11035.96    4820.00       9640     1
  9650   11044.96    4825.00       9650     1
  9660   11059.54    4830.00       9660     1
  9670   11066.56    4835.00       9670     1
  9680   11079.00    4840.00       9680     1
  9690   11088.31    4845.00       9690     1
  9700   11099.84    4850.00       9700     1
  9710   11111.60    4855.00       9710     1
  9720   11123.36    4860.00       9720     1
  9730   11134.14    4865.00       9730     1
  9740   11144.21    4870.00       9740     1
  9750   11153.55    4875.00       9750     1
  9760   11165.84    4880.00       9760     1
  9770   11179.52    4885.00       9770     1
  9780   11189.99    4890.00       9780     1
  9790   11202.07    4895.00       9790     1
  9800   11209.22    4900.00       9800     1
  9810   11226.44    4905.00       9810     1
  9820   11235.32    4910.00       9820     1
  9830   11251.61    4915.00       9830     1
  9840   11255.80    4920.00       9840     1
  9850   11266.73    4925.00       9850     1
  9860   11278.72    4930.00       9860     1
  9870   11289.09    4935.00       9870     1
  9880   11299.61    4940.00       9880     1
  9890   11312.63    4945.00       9890     1
  9900   11323.34    4950.00       9900     1
  9910   11334.62    4955.00       9910     1
  9920   11346.89    4960.00       9920     1
  9930   11356.64    4965.00       9930     1
  9940   11365.76    4970.00       9940     1
  9950   11175.34    4975.00       9950     1
  9960   11173.20    4980.00       9960     1
  9970   11185.35    4985.00       9970     1
  9980   11192.23    4990.00       9980     1
  9990   11203.06    4995.00       9990     1
  10000   11207.22    5000.00       10000     1
