Tamano  Tiempo(ns)  media_OB  max_OB  min_OB
  1000   515.00    8.00       10     1
  1010   512.18    8.00       10     1
  1020   504.61    9.00       10     1
  1030   503.79    9.00       11     1
  1040   504.13    9.00       11     1
  1050   505.24    9.00       11     1
  1060   504.34    9.00       11     1
  1070   512.43    9.00       11     1
  1080   509.54    9.00       11     1
  1090   509.72    9.00       11     1
  1100   503.36    9.00       11     1
  1110   503.15    9.00       11     1
  1120   502.41    9.00       11     1
  1130   507.17    9.00       11     1
  1140   511.05    9.00       11     1
  1150   504.35    9.00       11     1
  1160   503.36    9.00       11     1
  1170   507.18    9.00       11     1
  1180   513.39    9.00       11     1
  1190   514.20    9.00       11     1
  1200   506.08    9.00       11     1
  1210   513.97    9.00       11     1
  1220   501.89    9.00       11     1
  1230   499.02    9.00       11     1
  1240   508.95    9.00       11     1
  1250   515.68    9.00       11     1
  1260   515.87    9.00       11     1
  1270   507.32    9.00       11     1
  1280   510.08    9.00       11     1
  1290   505.97    9.00       11     1
  1300   518.62    9.00       11     1
  1310   513.44    9.00       11     1
  1320   513.94    9.00       11     1
  1330   511.58    9.00       11     1
  1340   521.94    9.00       11     1
  1350   637.48    9.00       11     1
  1360   514.12    9.00       11     1
  1370   504.09    9.00       11     1
  1380   506.96    9.00       11     1
  1390   523.17    9.00       11     1
  1400   514.36    9.00       11     1
  1410   514.54    9.00       11     1
  1420   511.20    9.00       11     1
  1430   513.29    9.00       11     1
  1440   514.65    9.00       11     1
  1450   521.38    9.00       11     1
  1460   520.62    9.00       11     1
  1470   508.03    9.00       11     1
  1480   512.36    9.00       11     1
  1490   520.34    9.00       11     1
  1500   531.07    9.00       11     1
  1510   540.73    9.00       11     1
  1520   515.66    9.00       11     1
  1530   535.95    9.00       11     1
  1540   584.09    9.00       11     1
  1550   518.32    9.00       11     1
  1560   518.59    9.00       11     1
  1570   526.56    9.00       11     1
  1580   543.86    9.00       11     1
  1590   546.98    9.00       11     1
  1600   532.38    9.00       11     1
  1610   599.57    9.00       11     1
  1620   534.38    9.00       11     1
  1630   522.94    9.00       11     1
  1640   518.11    9.00       11     1
  1650   517.94    9.00       11     1
  1660   542.23    9.00       11     1
  1670   528.56    9.00       11     1
  1680   523.51    9.00       11     1
  1690   579.47    9.00       11     1
  1700   524.24    9.00       11     1
  1710   534.33    9.00       11     1
  1720   622.44    9.00       11     1
  1730   537.80    9.00       11     1
  1740   511.84    9.00       11     1
  1750   523.14    9.00       11     1
  1760   511.48    9.00       11     1
  1770   517.23    9.00       11     1
  1780   523.26    9.00       11     1
  1790   539.11    9.00       11     1
  1800   639.44    9.00       11     1
  1810   511.10    9.00       11     1
  1820   509.56    9.00       11     1
  1830   511.80    9.00       11     1
  1840   507.23    9.00       11     1
  1850   510.05    9.00       11     1
  1860   510.00    9.00       11     1
  1870   513.16    9.00       11     1
  1880   510.74    9.00       11     1
  1890   506.56    9.00       11     1
  1900   512.21    9.00       11     1
  1910   523.25    9.00       11     1
  1920   512.60    9.00       11     1
  1930   522.38    9.00       11     1
  1940   519.48    9.00       11     1
  1950   522.56    9.00       11     1
  1960   510.51    9.00       11     1
  1970   517.46    9.00       11     1
  1980   516.16    9.00       11     1
  1990   524.92    9.00       11     1
  2000   510.35    9.00       11     1
  2010   509.90    9.00       11     1
  2020   520.69    9.00       11     1
  2030   507.14    9.00       11     1
  2040   512.50    10.00       11     1
  2050   508.24    10.00       12     1
  2060   523.50    10.00       12     1
  2070   513.82    10.00       12     1
  2080   510.58    10.00       12     1
  2090   513.44    10.00       12     1
  2100   512.33    10.00       12     1
  2110   511.33    10.00       12     1
  2120   518.02    10.00       12     1
  2130   517.51    10.00       12     1
  2140   511.03    10.00       12     1
  2150   541.12    10.00       12     1
  2160   566.25    10.00       12     1
  2170   573.27    10.00       12     1
  2180   528.17    10.00       12     1
  2190   522.97    10.00       12     1
  2200   518.05    10.00       12     1
  2210   525.02    10.00       12     1
  2220   549.73    10.00       12     1
  2230   534.53    10.00       12     1
  2240   520.36    10.00       12     1
  2250   521.38    10.00       12     1
  2260   518.36    10.00       12     1
  2270   518.02    10.00       12     1
  2280   528.25    10.00       12     1
  2290   530.57    10.00       12     1
  2300   545.52    10.00       12     1
  2310   542.47    10.00       12     1
  2320   534.44    10.00       12     1
  2330   533.00    10.00       12     1
  2340   529.40    10.00       12     1
  2350   577.23    10.00       12     1
  2360   539.15    10.00       12     1
  2370   539.49    10.00       12     1
  2380   536.47    10.00       12     1
  2390   538.91    10.00       12     1
  2400   534.96    10.00       12     1
  2410   525.31    10.00       12     1
  2420   528.60    10.00       12     1
  2430   647.70    10.00       12     1
  2440   537.70    10.00       12     1
  2450   662.73    10.00       12     1
  2460   554.23    10.00       12     1
  2470   530.12    10.00       12     1
  2480   543.35    10.00       12     1
  2490   546.79    10.00       12     1
  2500   542.80    10.00       12     1
  2510   529.36    10.00       12     1
  2520   539.80    10.00       12     1
  2530   563.68    10.00       12     1
  2540   538.94    10.00       12     1
  2550   532.47    10.00       12     1
  2560   570.31    10.00       12     1
  2570   560.93    10.00       12     1
  2580   620.27    10.00       12     1
  2590   520.97    10.00       12     1
  2600   539.58    10.00       12     1
  2610   617.51    10.00       12     1
  2620   515.88    10.00       12     1
  2630   528.29    10.00       12     1
  2640   531.89    10.00       12     1
  2650   537.74    10.00       12     1
  2660   558.12    10.00       12     1
  2670   517.45    10.00       12     1
  2680   521.68    10.00       12     1
  2690   516.95    10.00       12     1
  2700   519.67    10.00       12     1
  2710   517.97    10.00       12     1
  2720   521.99    10.00       12     1
  2730   525.16    10.00       12     1
  2740   516.13    10.00       12     1
  2750   584.98    10.00       12     1
  2760   544.71    10.00       12     1
  2770   522.53    10.00       12     1
  2780   526.44    10.00       12     1
  2790   515.34    10.00       12     1
  2800   519.86    10.00       12     1
  2810   517.54    10.00       12     1
  2820   514.57    10.00       12     1
  2830   523.07    10.00       12     1
  2840   525.32    10.00       12     1
  2850   517.51    10.00       12     1
  2860   520.42    10.00       12     1
  2870   523.55    10.00       12     1
  2880   526.67    10.00       12     1
  2890   516.30    10.00       12     1
  2900   525.10    10.00       12     1
  2910   520.65    10.00       12     1
  2920   531.47    10.00       12     1
  2930   523.45    10.00       12     1
  2940   535.58    10.00       12     1
  2950   536.64    10.00       12     1
  2960   519.16    10.00       12     1
  2970   523.64    10.00       12     1
  2980   524.03    10.00       12     1
  2990   530.64    10.00       12     1
  3000   518.03    10.00       12     1
  3010   520.50    10.00       12     1
  3020   523.64    10.00       12     1
  3030   522.15    10.00       12     1
  3040   515.53    10.00       12     1
  3050   520.49    10.00       12     1
  3060   539.74    10.00       12     1
  3070   527.98    10.00       12     1
  3080   535.32    10.00       12     1
  3090   528.41    10.00       12     1
  3100   537.68    10.00       12     1
  3110   537.78    10.00       12     1
  3120   527.08    10.00       12     1
  3130   519.46    10.00       12     1
  3140   529.94    10.00       12     1
  3150   535.49    10.00       12     1
  3160   540.44    10.00       12     1
  3170   577.57    10.00       12     1
  3180   529.40    10.00       12     1
  3190   534.86    10.00       12     1
  3200   523.50    10.00       12     1
  3210   519.44    10.00       12     1
  3220   524.75    10.00       12     1
  3230   520.99    10.00       12     1
  3240   525.68    10.00       12     1
  3250   528.71    10.00       12     1
  3260   521.35    10.00       12     1
  3270   515.99    10.00       12     1
  3280   518.48    10.00       12     1
  3290   516.41    10.00       12     1
  3300   521.73    10.00       12     1
  3310   519.94    10.00       12     1
  3320   518.55    10.00       12     1
  3330   514.59    10.00       12     1
  3340   515.24    10.00       12     1
  3350   515.01    10.00       12     1
  3360   519.05    10.00       12     1
  3370   525.28    10.00       12     1
  3380   518.76    10.00       12     1
  3390   521.12    10.00       12     1
  3400   517.09    10.00       12     1
  3410   523.11    10.00       12     1
  3420   516.32    10.00       12     1
  3430   520.93    10.00       12     1
  3440   517.59    10.00       12     1
  3450   519.57    10.00       12     1
  3460   515.72    10.00       12     1
  3470   528.13    10.00       12     1
  3480   524.57    10.00       12     1
  3490   523.98    10.00       12     1
  3500   520.66    10.00       12     1
  3510   522.85    10.00       12     1
  3520   523.24    10.00       12     1
  3530   524.82    10.00       12     1
  3540   546.98    10.00       12     1
  3550   520.96    10.00       12     1
  3560   526.38    10.00       12     1
  3570   520.25    10.00       12     1
  3580   525.47    10.00       12     1
  3590   523.90    10.00       12     1
  3600   525.19    10.00       12     1
  3610   524.76    10.00       12     1
  3620   523.56    10.00       12     1
  3630   522.70    10.00       12     1
  3640   528.43    10.00       12     1
  3650   529.15    10.00       12     1
  3660   516.01    10.00       12     1
  3670   519.86    10.00       12     1
  3680   525.46    10.00       12     1
  3690   517.37    10.00       12     1
  3700   521.08    10.00       12     1
  3710   516.85    10.00       12     1
  3720   526.69    10.00       12     1
  3730   520.78    10.00       12     1
  3740   519.28    10.00       12     1
  3750   533.12    10.00       12     1
  3760   529.34    10.00       12     1
  3770   532.44    10.00       12     1
  3780   532.20    10.00       12     1
  3790   534.06    10.00       12     1
  3800   523.66    10.00       12     1
  3810   520.63    10.00       12     1
  3820   518.09    10.00       12     1
  3830   516.01    10.00       12     1
  3840   524.82    10.00       12     1
  3850   519.64    10.00       12     1
  3860   517.23    10.00       12     1
  3870   519.51    10.00       12     1
  3880   517.50    10.00       12     1
  3890   540.72    10.00       12     1
  3900   525.08    10.00       12     1
  3910   530.77    10.00       12     1
  3920   526.73    10.00       12     1
  3930   524.53    10.00       12     1
  3940   514.16    10.00       12     1
  3950   521.65    10.00       12     1
  3960   522.37    10.00       12     1
  3970   530.40    10.00       12     1
  3980   515.25    10.00       12     1
  3990   519.15    10.00       12     1
  4000   532.90    10.00       12     1
  4010   522.07    10.00       12     1
  4020   517.74    10.00       12     1
  4030   518.41    10.00       12     1
  4040   518.74    10.00       12     1
  4050   515.78    10.00       12     1
  4060   522.81    10.00       12     1
  4070   515.28    10.00       12     1
  4080   528.26    10.00       12     1
  4090   535.13    11.00       12     1
  4100   520.10    11.00       13     1
  4110   533.97    11.00       13     1
  4120   534.76    11.00       13     1
  4130   527.68    11.00       13     1
  4140   534.42    11.00       13     1
  4150   541.59    11.00       13     1
  4160   563.65    11.00       13     1
  4170   527.34    11.00       13     1
  4180   525.10    11.00       13     1
  4190   525.66    11.00       13     1
  4200   521.71    11.00       13     1
  4210   525.75    11.00       13     1
  4220   527.20    11.00       13     1
  4230   526.15    11.00       13     1
  4240   528.92    11.00       13     1
  4250   525.13    11.00       13     1
  4260   521.03    11.00       13     1
  4270   525.74    11.00       13     1
  4280   536.17    11.00       13     1
  4290   530.79    11.00       13     1
  4300   524.23    11.00       13     1
  4310   532.90    11.00       13     1
  4320   520.56    11.00       13     1
  4330   523.60    11.00       13     1
  4340   520.16    11.00       13     1
  4350   579.86    11.00       13     1
  4360   533.14    11.00       13     1
  4370   654.90    11.00       13     1
  4380   516.21    11.00       13     1
  4390   521.28    11.00       13     1
  4400   521.39    11.00       13     1
  4410   516.87    11.00       13     1
  4420   553.94    11.00       13     1
  4430   633.84    11.00       13     1
  4440   522.12    11.00       13     1
  4450   522.29    11.00       13     1
  4460   517.33    11.00       13     1
  4470   535.55    11.00       13     1
  4480   534.98    11.00       13     1
  4490   533.92    11.00       13     1
  4500   516.51    11.00       13     1
  4510   519.89    11.00       13     1
  4520   519.16    11.00       13     1
  4530   523.00    11.00       13     1
  4540   518.00    11.00       13     1
  4550   525.36    11.00       13     1
  4560   521.91    11.00       13     1
  4570   519.47    11.00       13     1
  4580   522.40    11.00       13     1
  4590   583.22    11.00       13     1
  4600   544.83    11.00       13     1
  4610   532.65    11.00       13     1
  4620   528.07    11.00       13     1
  4630   567.52    11.00       13     1
  4640   535.93    11.00       13     1
  4650   539.08    11.00       13     1
  4660   538.22    11.00       13     1
  4670   546.72    11.00       13     1
  4680   641.58    11.00       13     1
  4690   546.70    11.00       13     1
  4700   544.49    11.00       13     1
  4710   635.94    11.00       13     1
  4720   547.42    11.00       13     1
  4730   540.85    11.00       13     1
  4740   580.40    11.00       13     1
  4750   551.09    11.00       13     1
  4760   531.76    11.00       13     1
  4770   534.57    11.00       13     1
  4780   564.46    11.00       13     1
  4790   587.49    11.00       13     1
  4800   548.73    11.00       13     1
  4810   518.81    11.00       13     1
  4820   518.65    11.00       13     1
  4830   520.02    11.00       13     1
  4840   525.08    11.00       13     1
  4850   551.98    11.00       13     1
  4860   567.10    11.00       13     1
  4870   531.97    11.00       13     1
  4880   549.71    11.00       13     1
  4890   575.71    11.00       13     1
  4900   581.71    11.00       13     1
  4910   572.00    11.00       13     1
  4920   611.73    11.00       13     1
  4930   524.75    11.00       13     1
  4940   529.98    11.00       13     1
  4950   529.05    11.00       13     1
  4960   536.53    11.00       13     1
  4970   534.49    11.00       13     1
  4980   517.69    11.00       13     1
  4990   522.44    11.00       13     1
  5000   521.50    11.00       13     1
  5010   527.92    11.00       13     1
  5020   532.43    11.00       13     1
  5030   533.72    11.00       13     1
  5040   524.84    11.00       13     1
  5050   521.52    11.00       13     1
  5060   520.91    11.00       13     1
  5070   536.88    11.00       13     1
  5080   525.59    11.00       13     1
  5090   580.77    11.00       13     1
  5100   522.10    11.00       13     1
  5110   523.15    11.00       13     1
  5120   554.86    11.00       13     1
  5130   523.41    11.00       13     1
  5140   528.54    11.00       13     1
  5150   589.15    11.00       13     1
  5160   526.78    11.00       13     1
  5170   523.97    11.00       13     1
  5180   529.13    11.00       13     1
  5190   528.75    11.00       13     1
  5200   522.54    11.00       13     1
  5210   526.14    11.00       13     1
  5220   526.44    11.00       13     1
  5230   529.24    11.00       13     1
  5240   545.78    11.00       13     1
  5250   535.10    11.00       13     1
  5260   527.76    11.00       13     1
  5270   530.27    11.00       13     1
  5280   528.43    11.00       13     1
  5290   559.15    11.00       13     1
  5300   529.42    11.00       13     1
  5310   530.73    11.00       13     1
  5320   526.73    11.00       13     1
  5330   527.67    11.00       13     1
  5340   534.93    11.00       13     1
  5350   534.62    11.00       13     1
  5360   541.03    11.00       13     1
  5370   521.97    11.00       13     1
  5380   525.35    11.00       13     1
  5390   520.76    11.00       13     1
  5400   522.52    11.00       13     1
  5410   529.70    11.00       13     1
  5420   519.58    11.00       13     1
  5430   521.31    11.00       13     1
  5440   526.80    11.00       13     1
  5450   528.70    11.00       13     1
  5460   527.07    11.00       13     1
  5470   529.84    11.00       13     1
  5480   539.74    11.00       13     1
  5490   527.50    11.00       13     1
  5500   529.60    11.00       13     1
  5510   522.45    11.00       13     1
  5520   529.31    11.00       13     1
  5530   530.42    11.00       13     1
  5540   528.03    11.00       13     1
  5550   528.76    11.00       13     1
  5560   528.88    11.00       13     1
  5570   530.00    11.00       13     1
  5580   528.33    11.00       13     1
  5590   528.48    11.00       13     1
  5600   526.54    11.00       13     1
  5610   537.11    11.00       13     1
  5620   526.39    11.00       13     1
  5630   522.15    11.00       13     1
  5640   522.27    11.00       13     1
  5650   530.71    11.00       13     1
  5660   528.04    11.00       13     1
  5670   523.76    11.00       13     1
  5680   526.30    11.00       13     1
  5690   522.74    11.00       13     1
  5700   523.02    11.00       13     1
  5710   528.21    11.00       13     1
  5720   521.99    11.00       13     1
  5730   522.48    11.00       13     1
  5740   526.11    11.00       13     1
  5750   566.38    11.00       13     1
  5760   526.32    11.00       13     1
  5770   531.13    11.00       13     1
  5780   528.29    11.00       13     1
  5790   536.58    11.00       13     1
  5800   531.24    11.00       13     1
  5810   523.53    11.00       13     1
  5820   531.63    11.00       13     1
  5830   522.66    11.00       13     1
  5840   523.34    11.00       13     1
  5850   584.99    11.00       13     1
  5860   530.58    11.00       13     1
  5870   538.64    11.00       13     1
  5880   524.47    11.00       13     1
  5890   531.21    11.00       13     1
  5900   524.58    11.00       13     1
  5910   530.69    11.00       13     1
  5920   524.85    11.00       13     1
  5930   566.17    11.00       13     1
  5940   528.55    11.00       13     1
  5950   528.54    11.00       13     1
  5960   524.90    11.00       13     1
  5970   527.04    11.00       13     1
  5980   529.41    11.00       13     1
  5990   536.43    11.00       13     1
  6000   533.60    11.00       13     1
  6010   537.09    11.00       13     1
  6020   526.36    11.00       13     1
  6030   525.12    11.00       13     1
  6040   528.71    11.00       13     1
  6050   534.53    11.00       13     1
  6060   534.54    11.00       13     1
  6070   529.79    11.00       13     1
  6080   526.83    11.00       13     1
  6090   568.64    11.00       13     1
  6100   532.84    11.00       13     1
  6110   529.28    11.00       13     1
  6120   526.65    11.00       13     1
  6130   539.31    11.00       13     1
  6140   528.39    11.00       13     1
  6150   529.20    11.00       13     1
  6160   522.01    11.00       13     1
  6170   589.64    11.00       13     1
  6180   530.92    11.00       13     1
  6190   522.63    11.00       13     1
  6200   522.47    11.00       13     1
  6210   528.29    11.00       13     1
  6220   531.99    11.00       13     1
  6230   524.98    11.00       13     1
  6240   538.96    11.00       13     1
  6250   530.08    11.00       13     1
  6260   533.05    11.00       13     1
  6270   538.53    11.00       13     1
  6280   528.47    11.00       13     1
  6290   530.57    11.00       13     1
  6300   586.46    11.00       13     1
  6310   526.20    11.00       13     1
  6320   529.41    11.00       13     1
  6330   531.03    11.00       13     1
  6340   561.36    11.00       13     1
  6350   530.83    11.00       13     1
  6360   531.23    11.00       13     1
  6370   527.88    11.00       13     1
  6380   551.97    11.00       13     1
  6390   529.94    11.00       13     1
  6400   526.70    11.00       13     1
  6410   526.90    11.00       13     1
  6420   528.79    11.00       13     1
  6430   528.66    11.00       13     1
  6440   528.31    11.00       13     1
  6450   529.09    11.00       13     1
  6460   524.85    11.00       13     1
  6470   544.05    11.00       13     1
  6480   525.57    11.00       13     1
  6490   525.01    11.00       13     1
  6500   526.75    11.00       13     1
  6510   578.97    11.00       13     1
  6520   580.90    11.00       13     1
  6530   526.09    11.00       13     1
  6540   530.49    11.00       13     1
  6550   528.32    11.00       13     1
  6560   526.20    11.00       13     1
  6570   527.56    11.00       13     1
  6580   531.17    11.00       13     1
  6590   531.79    11.00       13     1
  6600   528.50    11.00       13     1
  6610   524.24    11.00       13     1
  6620   525.45    11.00       13     1
  6630   527.01    11.00       13     1
  6640   529.14    11.00       13     1
  6650   522.05    11.00       13     1
  6660   525.71    11.00       13     1
  6670   534.48    11.00       13     1
  6680   527.20    11.00       13     1
  6690   522.36    11.00       13     1
  6700   531.00    11.00       13     1
  6710   547.50    11.00       13     1
  6720   529.49    11.00       13     1
  6730   531.58    11.00       13     1
  6740   532.40    11.00       13     1
  6750   524.98    11.00       13     1
  6760   524.10    11.00       13     1
  6770   541.26    11.00       13     1
  6780   601.08    11.00       13     1
  6790   565.08    11.00       13     1
  6800   565.41    11.00       13     1
  6810   540.06    11.00       13     1
  6820   542.86    11.00       13     1
  6830   536.93    11.00       13     1
  6840   539.37    11.00       13     1
  6850   553.09    11.00       13     1
  6860   549.40    11.00       13     1
  6870   539.45    11.00       13     1
  6880   540.60    11.00       13     1
  6890   537.53    11.00       13     1
  6900   551.87    11.00       13     1
  6910   540.43    11.00       13     1
  6920   534.12    11.00       13     1
  6930   538.86    11.00       13     1
  6940   543.90    11.00       13     1
  6950   539.24    11.00       13     1
  6960   578.68    11.00       13     1
  6970   543.73    11.00       13     1
  6980   543.93    11.00       13     1
  6990   531.20    11.00       13     1
  7000   531.81    11.00       13     1
  7010   537.22    11.00       13     1
  7020   533.95    11.00       13     1
  7030   539.96    11.00       13     1
  7040   544.39    11.00       13     1
  7050   585.30    11.00       13     1
  7060   667.54    11.00       13     1
  7070   598.90    11.00       13     1
  7080   548.60    11.00       13     1
  7090   569.00    11.00       13     1
  7100   546.93    11.00       13     1
  7110   592.57    11.00       13     1
  7120   564.76    11.00       13     1
  7130   589.41    11.00       13     1
  7140   582.09    11.00       13     1
  7150   575.37    11.00       13     1
  7160   522.81    11.00       13     1
  7170   525.94    11.00       13     1
  7180   525.10    11.00       13     1
  7190   525.33    11.00       13     1
  7200   527.75    11.00       13     1
  7210   526.44    11.00       13     1
  7220   526.19    11.00       13     1
  7230   526.97    11.00       13     1
  7240   527.25    11.00       13     1
  7250   608.88    11.00       13     1
  7260   529.09    11.00       13     1
  7270   529.09    11.00       13     1
  7280   525.26    11.00       13     1
  7290   525.06    11.00       13     1
  7300   528.01    11.00       13     1
  7310   527.05    11.00       13     1
  7320   528.11    11.00       13     1
  7330   527.20    11.00       13     1
  7340   526.08    11.00       13     1
  7350   528.82    11.00       13     1
  7360   529.10    11.00       13     1
  7370   528.14    11.00       13     1
  7380   527.09    11.00       13     1
  7390   522.87    11.00       13     1
  7400   527.05    11.00       13     1
  7410   525.55    11.00       13     1
  7420   527.06    11.00       13     1
  7430   528.12    11.00       13     1
  7440   531.64    11.00       13     1
  7450   531.18    11.00       13     1
  7460   539.58    11.00       13     1
  7470   530.12    11.00       13     1
  7480   524.25    11.00       13     1
  7490   531.24    11.00       13     1
  7500   542.43    11.00       13     1
  7510   539.20    11.00       13     1
  7520   528.11    11.00       13     1
  7530   530.05    11.00       13     1
  7540   534.50    11.00       13     1
  7550   528.61    11.00       13     1
  7560   531.49    11.00       13     1
  7570   532.01    11.00       13     1
  7580   526.78    11.00       13     1
  7590   527.10    11.00       13     1
  7600   536.33    11.00       13     1
  7610   528.95    11.00       13     1
  7620   525.80    11.00       13     1
  7630   541.47    11.00       13     1
  7640   527.32    11.00       13     1
  7650   528.61    11.00       13     1
  7660   527.48    11.00       13     1
  7670   533.62    11.00       13     1
  7680   541.65    11.00       13     1
  7690   530.61    11.00       13     1
  7700   527.87    11.00       13     1
  7710   530.47    11.00       13     1
  7720   533.91    11.00       13     1
  7730   544.17    11.00       13     1
  7740   524.78    11.00       13     1
  7750   527.92    11.00       13     1
  7760   529.88    11.00       13     1
  7770   534.94    11.00       13     1
  7780   526.61    11.00       13     1
  7790   531.04    11.00       13     1
  7800   529.27    11.00       13     1
  7810   535.95    11.00       13     1
  7820   558.93    11.00       13     1
  7830   531.51    11.00       13     1
  7840   541.39    11.00       13     1
  7850   533.15    11.00       13     1
  7860   539.58    11.00       13     1
  7870   527.03    11.00       13     1
  7880   531.28    11.00       13     1
  7890   526.81    11.00       13     1
  7900   532.38    11.00       13     1
  7910   527.35    11.00       13     1
  7920   529.70    11.00       13     1
  7930   530.42    11.00       13     1
  7940   528.59    11.00       13     1
  7950   528.75    11.00       13     1
  7960   527.46    11.00       13     1
  7970   527.74    11.00       13     1
  7980   526.97    11.00       13     1
  7990   526.01    11.00       13     1
  8000   534.33    11.00       13     1
  8010   534.81    11.00       13     1
  8020   546.90    11.00       13     1
  8030   523.24    11.00       13     1
  8040   525.65    11.00       13     1
  8050   533.85    11.00       13     1
  8060   524.88    11.00       13     1
  8070   523.04    11.00       13     1
  8080   524.33    11.00       13     1
  8090   531.64    11.00       13     1
  8100   521.95    11.00       13     1
  8110   526.31    11.00       13     1
  8120   524.72    11.00       13     1
  8130   532.46    11.00       13     1
  8140   530.80    11.00       13     1
  8150   542.00    11.00       13     1
  8160   541.29    11.00       13     1
  8170   523.57    11.00       13     1
  8180   525.70    12.00       13     1
  8190   523.88    12.00       13     1
  8200   524.83    12.00       14     1
  8210   525.18    12.00       14     1
  8220   524.46    12.00       14     1
  8230   523.06    12.00       14     1
  8240   532.34    12.00       14     1
  8250   524.92    12.00       14     1
  8260   522.48    12.00       14     1
  8270   526.35    12.00       14     1
  8280   529.00    12.00       14     1
  8290   523.50    12.00       14     1
  8300   526.89    12.00       14     1
  8310   526.53    12.00       14     1
  8320   532.91    12.00       14     1
  8330   531.31    12.00       14     1
  8340   526.51    12.00       14     1
  8350   533.03    12.00       14     1
  8360   527.21    12.00       14     1
  8370   527.83    12.00       14     1
  8380   527.64    12.00       14     1
  8390   531.05    12.00       14     1
  8400   530.23    12.00       14     1
  8410   527.67    12.00       14     1
  8420   530.80    12.00       14     1
  8430   524.99    12.00       14     1
  8440   533.38    12.00       14     1
  8450   528.62    12.00       14     1
  8460   536.94    12.00       14     1
  8470   552.42    12.00       14     1
  8480   540.08    12.00       14     1
  8490   684.23    12.00       14     1
  8500   550.72    12.00       14     1
  8510   551.06    12.00       14     1
  8520   552.35    12.00       14     1
  8530   542.86    12.00       14     1
  8540   548.72    12.00       14     1
  8550   553.44    12.00       14     1
  8560   544.12    12.00       14     1
  8570   557.32    12.00       14     1
  8580   548.86    12.00       14     1
  8590   548.99    12.00       14     1
  8600   550.76    12.00       14     1
  8610   541.71    12.00       14     1
  8620   539.33    12.00       14     1
  8630   561.41    12.00       14     1
  8640   543.91    12.00       14     1
  8650   561.41    12.00       14     1
  8660   553.53    12.00       14     1
  8670   552.86    12.00       14     1
  8680   555.23    12.00       14     1
  8690   545.11    12.00       14     1
  8700   547.71    12.00       14     1
  8710   649.00    12.00       14     1
  8720   589.15    12.00       14     1
  8730   600.40    12.00       14     1
  8740   546.91    12.00       14     1
  8750   548.17    12.00       14     1
  8760   537.42    12.00       14     1
  8770   535.23    12.00       14     1
  8780   555.42    12.00       14     1
  8790   537.99    12.00       14     1
  8800   538.68    12.00       14     1
  8810   540.82    12.00       14     1
  8820   532.03    12.00       14     1
  8830   548.63    12.00       14     1
  8840   599.84    12.00       14     1
  8850   529.27    12.00       14     1
  8860   541.86    12.00       14     1
  8870   541.23    12.00       14     1
  8880   528.32    12.00       14     1
  8890   536.40    12.00       14     1
  8900   531.21    12.00       14     1
  8910   530.61    12.00       14     1
  8920   530.11    12.00       14     1
  8930   537.23    12.00       14     1
  8940   528.36    12.00       14     1
  8950   573.02    12.00       14     1
  8960   536.38    12.00       14     1
  8970   525.91    12.00       14     1
  8980   552.88    12.00       14     1
  8990   526.77    12.00       14     1
  9000   532.53    12.00       14     1
  9010   527.54    12.00       14     1
  9020   525.39    12.00       14     1
  9030   532.91    12.00       14     1
  9040   528.34    12.00       14     1
  9050   529.77    12.00       14     1
  9060   530.34    12.00       14     1
  9070   532.58    12.00       14     1
  9080   528.40    12.00       14     1
  9090   524.47    12.00       14     1
  9100   534.52    12.00       14     1
  9110   524.98    12.00       14     1
  9120   530.92    12.00       14     1
  9130   528.52    12.00       14     1
  9140   527.63    12.00       14     1
  9150   536.22    12.00       14     1
  9160   532.14    12.00       14     1
  9170   532.68    12.00       14     1
  9180   532.82    12.00       14     1
  9190   528.72    12.00       14     1
  9200   529.36    12.00       14     1
  9210   531.06    12.00       14     1
  9220   553.49    12.00       14     1
  9230   566.05    12.00       14     1
  9240   530.49    12.00       14     1
  9250   562.02    12.00       14     1
  9260   538.26    12.00       14     1
  9270   561.36    12.00       14     1
  9280   533.46    12.00       14     1
  9290   528.95    12.00       14     1
  9300   528.00    12.00       14     1
  9310   528.69    12.00       14     1
  9320   575.05    12.00       14     1
  9330   527.41    12.00       14     1
  9340   532.86    12.00       14     1
  9350   529.16    12.00       14     1
  9360   531.98    12.00       14     1
  9370   527.35    12.00       14     1
  9380   528.89    12.00       14     1
  9390   529.44    12.00       14     1
  9400   528.65    12.00       14     1
  9410   528.88    12.00       14     1
  9420   531.31    12.00       14     1
  9430   529.67    12.00       14     1
  9440   527.62    12.00       14     1
  9450   529.02    12.00       14     1
  9460   529.38    12.00       14     1
  9470   532.34    12.00       14     1
  9480   528.90    12.00       14     1
  9490   528.17    12.00       14     1
  9500   523.84    12.00       14     1
  9510   528.84    12.00       14     1
  9520   539.99    12.00       14     1
  9530   532.22    12.00       14     1
  9540   528.05    12.00       14     1
  9550   526.36    12.00       14     1
  9560   528.91    12.00       14     1
  9570   532.20    12.00       14     1
  9580   528.97    12.00       14     1
  9590   532.97    12.00       14     1
  9600   526.38    12.00       14     1
  9610   525.32    12.00       14     1
  9620   530.06    12.00       14     1
  9630   528.04    12.00       14     1
  9640   527.68    12.00       14     1
  9650   527.31    12.00       14     1
  9660   530.91    12.00       14     1
  9670   531.32    12.00       14     1
  9680   529.42    12.00       14     1
  9690   539.07    12.00       14     1
  9700   529.30    12.00       14     1
  9710   529.80    12.00       14     1
  9720   531.46    12.00       14     1
  9730   529.41    12.00       14     1
  9740   527.91    12.00       14     1
  9750   526.84    12.00       14     1
  9760   543.00    12.00       14     1
  9770   528.45    12.00       14     1
  9780   532.24    12.00       14     1
  9790   532.50    12.00       14     1
  9800   538.03    12.00       14     1
  9810   531.82    12.00       14     1
  9820   528.35    12.00       14     1
  9830   528.28    12.00       14     1
  9840   534.19    12.00       14     1
  9850   527.75    12.00       14     1
  9860   534.61    12.00       14     1
  9870   529.63    12.00       14     1
  9880   533.15    12.00       14     1
  9890   534.31    12.00       14     1
  9900   532.83    12.00       14     1
  9910   530.19    12.00       14     1
  9920   531.24    12.00       14     1
  9930   530.18    12.00       14     1
  9940   531.86    12.00       14     1
  9950   527.67    12.00       14     1
  9960   544.83    12.00       14     1
  9970   533.68    12.00       14     1
  9980   574.00    12.00       14     1
  9990   527.94    12.00       14     1
  10000   528.81    12.00       14     1
