Tamano  Tiempo(ns)  media_OB  max_OB  min_OB
  1   520.00    1.00       1     1
  2   475.00    1.00       2     1
  3   413.33    2.00       3     1
  4   430.00    2.00       4     1
  5   428.00    3.00       5     1
  6   443.33    3.00       6     1
  7   437.14    4.00       7     1
  8   417.50    4.00       8     1
  9   457.78    5.00       9     1
  10   453.00    5.00       10     1
  11   441.82    6.00       11     1
  12   436.67    6.00       12     1
  13   480.77    7.00       13     1
  14   447.14    7.00       14     1
  15   445.33    8.00       15     1
  16   464.38    8.00       16     1
  17   444.12    9.00       17     1
  18   467.78    9.00       18     1
  19   460.53    10.00       19     1
  20   458.50    10.00       20     1
  21   450.48    11.00       21     1
  22   460.91    11.00       22     1
  23   466.52    12.00       23     1
  24   461.67    12.00       24     1
  25   488.00    13.00       25     1
  26   480.38    13.00       26     1
  27   467.78    14.00       27     1
  28   466.43    14.00       28     1
  29   469.31    15.00       29     1
  30   479.00    15.00       30     1
  31   470.00    16.00       31     1
  32   616.88    16.00       32     1
  33   604.24    17.00       33     1
  34   595.88    17.00       34     1
  35   597.14    18.00       35     1
  36   608.89    18.00       36     1
  37   603.24    19.00       37     1
  38   605.79    19.00       38     1
  39   615.38    20.00       39     1
  40   612.75    20.00       40     1
  41   495.85    21.00       41     1
  42   496.67    21.00       42     1
  43   493.95    22.00       43     1
  44   497.95    22.00       44     1
  45   496.89    23.00       45     1
  46   502.39    23.00       46     1
  47   505.11    24.00       47     1
  48   521.25    24.00       48     1
  49   513.67    25.00       49     1
  50   497.20    25.00       50     1
  51   499.41    26.00       51     1
  52   507.31    26.00       52     1
  53   517.74    27.00       53     1
  54   505.19    27.00       54     1
  55   512.00    28.00       55     1
  56   526.07    28.00       56     1
  57   513.16    29.00       57     1
  58   523.45    29.00       58     1
  59   547.29    30.00       59     1
  60   529.83    30.00       60     1
  61   542.13    31.00       61     1
  62   519.68    31.00       62     1
  63   520.79    32.00       63     1
  64   531.72    32.00       64     1
  65   529.69    33.00       65     1
  66   531.36    33.00       66     1
  67   537.01    34.00       67     1
  68   544.56    34.00       68     1
  69   558.12    35.00       69     1
  70   536.57    35.00       70     1
  71   544.79    36.00       71     1
  72   549.03    36.00       72     1
  73   552.19    37.00       73     1
  74   539.59    37.00       74     1
  75   545.73    38.00       75     1
  76   559.47    38.00       76     1
  77   546.10    39.00       77     1
  78   550.90    39.00       78     1
  79   546.96    40.00       79     1
  80   549.75    40.00       80     1
  81   545.31    41.00       81     1
  82   560.00    41.00       82     1
  83   558.92    42.00       83     1
  84   565.00    42.00       84     1
  85   546.59    43.00       85     1
  86   556.86    43.00       86     1
  87   555.52    44.00       87     1
  88   559.20    44.00       88     1
  89   569.66    45.00       89     1
  90   593.56    45.00       90     1
  91   575.71    46.00       91     1
  92   576.20    46.00       92     1
  93   589.46    47.00       93     1
  94   589.89    47.00       94     1
  95   586.63    48.00       95     1
  96   563.96    48.00       96     1
  97   583.61    49.00       97     1
  98   575.61    49.00       98     1
  99   588.18    50.00       99     1
  100   601.00    50.00       100     1
  101   574.55    51.00       101     1
  102   584.12    51.00       102     1
  103   604.85    52.00       103     1
  104   590.00    52.00       104     1
  105   613.81    53.00       105     1
  106   598.77    53.00       106     1
  107   581.68    54.00       107     1
  108   613.89    54.00       108     1
  109   599.63    55.00       109     1
  110   606.73    55.00       110     1
  111   602.79    56.00       111     1
  112   596.25    56.00       112     1
  113   592.92    57.00       113     1
  114   621.40    57.00       114     1
  115   612.52    58.00       115     1
  116   612.59    58.00       116     1
  117   629.06    59.00       117     1
  118   635.42    59.00       118     1
  119   607.39    60.00       119     1
  120   618.33    60.00       120     1
  121   609.50    61.00       121     1
  122   621.31    61.00       122     1
  123   627.40    62.00       123     1
  124   620.48    62.00       124     1
  125   612.48    63.00       125     1
  126   625.24    63.00       126     1
  127   630.87    64.00       127     1
  128   617.42    64.00       128     1
  129   643.88    65.00       129     1
  130   622.54    65.00       130     1
  131   632.06    66.00       131     1
  132   628.11    66.00       132     1
  133   626.54    67.00       133     1
  134   638.81    67.00       134     1
  135   627.19    68.00       135     1
  136   639.26    68.00       136     1
  137   615.47    69.00       137     1
  138   630.87    69.00       138     1
  139   648.35    70.00       139     1
  140   645.93    70.00       140     1
  141   641.21    71.00       141     1
  142   652.46    71.00       142     1
  143   660.00    72.00       143     1
  144   648.19    72.00       144     1
  145   653.93    73.00       145     1
  146   650.27    73.00       146     1
  147   655.78    74.00       147     1
  148   648.58    74.00       148     1
  149   647.52    75.00       149     1
  150   655.60    75.00       150     1
  151   645.43    76.00       151     1
  152   662.30    76.00       152     1
  153   654.97    77.00       153     1
  154   664.42    77.00       154     1
  155   664.77    78.00       155     1
  156   655.13    78.00       156     1
  157   660.25    79.00       157     1
  158   666.33    79.00       158     1
  159   670.00    80.00       159     1
  160   670.88    80.00       160     1
  161   668.51    81.00       161     1
  162   676.48    81.00       162     1
  163   669.20    82.00       163     1
  164   676.95    82.00       164     1
  165   683.09    83.00       165     1
  166   674.94    83.00       166     1
  167   683.89    84.00       167     1
  168   682.38    84.00       168     1
  169   678.82    85.00       169     1
  170   663.76    85.00       170     1
  171   692.69    86.00       171     1
  172   685.52    86.00       172     1
  173   691.10    87.00       173     1
  174   723.45    87.00       174     1
  175   695.31    88.00       175     1
  176   704.20    88.00       176     1
  177   700.96    89.00       177     1
  178   698.93    89.00       178     1
  179   694.86    90.00       179     1
  180   715.78    90.00       180     1
  181   700.77    91.00       181     1
  182   698.90    91.00       182     1
  183   710.71    92.00       183     1
  184   707.61    92.00       184     1
  185   740.11    93.00       185     1
  186   708.33    93.00       186     1
  187   706.90    94.00       187     1
  188   717.61    94.00       188     1
  189   725.08    95.00       189     1
  190   721.58    95.00       190     1
  191   714.92    96.00       191     1
  192   722.19    96.00       192     1
  193   715.23    97.00       193     1
  194   719.79    97.00       194     1
  195   720.46    98.00       195     1
  196   720.71    98.00       196     1
  197   744.57    99.00       197     1
  198   740.76    99.00       198     1
  199   748.74    100.00       199     1
  200   745.10    100.00       200     1
  201   739.65    101.00       201     1
  202   752.77    101.00       202     1
  203   856.45    102.00       203     1
  204   786.27    102.00       204     1
  205   767.07    103.00       205     1
  206   770.10    103.00       206     1
  207   749.28    104.00       207     1
  208   751.78    104.00       208     1
  209   758.23    105.00       209     1
  210   759.86    105.00       210     1
  211   750.09    106.00       211     1
  212   779.43    106.00       212     1
  213   763.00    107.00       213     1
  214   762.38    107.00       214     1
  215   750.19    108.00       215     1
  216   761.76    108.00       216     1
  217   763.82    109.00       217     1
  218   772.61    109.00       218     1
  219   781.37    110.00       219     1
  220   788.50    110.00       220     1
  221   775.97    111.00       221     1
  222   777.30    111.00       222     1
  223   774.08    112.00       223     1
  224   775.00    112.00       224     1
  225   784.80    113.00       225     1
  226   801.77    113.00       226     1
  227   810.13    114.00       227     1
  228   812.76    114.00       228     1
  229   801.66    115.00       229     1
  230   793.52    115.00       230     1
  231   799.48    116.00       231     1
  232   803.02    116.00       232     1
  233   787.00    117.00       233     1
  234   778.50    117.00       234     1
  235   780.38    118.00       235     1
  236   787.33    118.00       236     1
  237   781.77    119.00       237     1
  238   786.09    119.00       238     1
  239   783.01    120.00       239     1
  240   795.62    120.00       240     1
  241   788.88    121.00       241     1
  242   794.50    121.00       242     1
  243   800.62    122.00       243     1
  244   792.25    122.00       244     1
  245   799.02    123.00       245     1
  246   801.59    123.00       246     1
  247   804.57    124.00       247     1
  248   806.37    124.00       248     1
  249   801.73    125.00       249     1
  250   804.76    125.00       250     1
  251   803.98    126.00       251     1
  252   810.48    126.00       252     1
  253   807.87    127.00       253     1
  254   811.22    127.00       254     1
  255   812.82    128.00       255     1
  256   812.46    128.00       256     1
  257   815.25    129.00       257     1
  258   814.69    129.00       258     1
  259   821.54    130.00       259     1
  260   839.88    130.00       260     1
  261   861.95    131.00       261     1
  262   867.94    131.00       262     1
  263   842.81    132.00       263     1
  264   831.93    132.00       264     1
  265   834.98    133.00       265     1
  266   845.68    133.00       266     1
  267   896.70    134.00       267     1
  268   851.42    134.00       268     1
  269   857.77    135.00       269     1
  270   850.15    135.00       270     1
  271   865.17    136.00       271     1
  272   896.03    136.00       272     1
  273   865.60    137.00       273     1
  274   871.13    137.00       274     1
  275   860.18    138.00       275     1
  276   856.63    138.00       276     1
  277   861.55    139.00       277     1
  278   904.96    139.00       278     1
  279   877.89    140.00       279     1
  280   868.54    140.00       280     1
  281   865.12    141.00       281     1
  282   867.45    141.00       282     1
  283   881.94    142.00       283     1
  284   871.51    142.00       284     1
  285   860.25    143.00       285     1
  286   860.21    143.00       286     1
  287   861.71    144.00       287     1
  288   877.53    144.00       288     1
  289   877.79    145.00       289     1
  290   868.79    145.00       290     1
  291   869.28    146.00       291     1
  292   868.73    146.00       292     1
  293   874.85    147.00       293     1
  294   879.80    147.00       294     1
  295   880.07    148.00       295     1
  296   875.14    148.00       296     1
  297   878.82    149.00       297     1
  298   881.01    149.00       298     1
  299   897.76    150.00       299     1
  300   903.07    150.00       300     1
  301   910.53    151.00       301     1
  302   911.29    151.00       302     1
  303   903.30    152.00       303     1
  304   892.76    152.00       304     1
  305   906.13    153.00       305     1
  306   920.52    153.00       306     1
  307   962.80    154.00       307     1
  308   914.94    154.00       308     1
  309   908.25    155.00       309     1
  310   902.03    155.00       310     1
  311   905.92    156.00       311     1
  312   893.24    156.00       312     1
  313   901.31    157.00       313     1
  314   903.09    157.00       314     1
  315   900.16    158.00       315     1
  316   909.84    158.00       316     1
  317   905.08    159.00       317     1
  318   905.72    159.00       318     1
  319   953.67    160.00       319     1
  320   919.62    160.00       320     1
  321   917.35    161.00       321     1
  322   913.11    161.00       322     1
  323   917.65    162.00       323     1
  324   923.02    162.00       324     1
  325   924.00    163.00       325     1
  326   919.11    163.00       326     1
  327   927.46    164.00       327     1
  328   930.34    164.00       328     1
  329   926.02    165.00       329     1
  330   929.88    165.00       330     1
  331   931.69    166.00       331     1
  332   935.24    166.00       332     1
  333   945.59    167.00       333     1
  334   953.68    167.00       334     1
  335   936.57    168.00       335     1
  336   935.57    168.00       336     1
  337   936.02    169.00       337     1
  338   942.99    169.00       338     1
  339   937.96    170.00       339     1
  340   957.62    170.00       340     1
  341   948.59    171.00       341     1
  342   961.11    171.00       342     1
  343   951.20    172.00       343     1
  344   965.55    172.00       344     1
  345   961.45    173.00       345     1
  346   954.48    173.00       346     1
  347   954.55    174.00       347     1
  348   951.26    174.00       348     1
  349   952.84    175.00       349     1
  350   953.51    175.00       350     1
  351   976.13    176.00       351     1
  352   988.61    176.00       352     1
  353   984.87    177.00       353     1
  354   979.75    177.00       354     1
  355   970.45    178.00       355     1
  356   978.79    178.00       356     1
  357   1003.56    179.00       357     1
  358   1084.64    179.00       358     1
  359   994.29    180.00       359     1
  360   981.92    180.00       360     1
  361   1056.40    181.00       361     1
  362   1026.19    181.00       362     1
  363   977.82    182.00       363     1
  364   990.25    182.00       364     1
  365   1000.25    183.00       365     1
  366   1012.27    183.00       366     1
  367   980.00    184.00       367     1
  368   986.88    184.00       368     1
  369   986.40    185.00       369     1
  370   983.51    185.00       370     1
  371   979.46    186.00       371     1
  372   984.65    186.00       372     1
  373   987.72    187.00       373     1
  374   989.12    187.00       374     1
  375   994.80    188.00       375     1
  376   995.77    188.00       376     1
  377   999.58    189.00       377     1
  378   1002.22    189.00       378     1
  379   994.70    190.00       379     1
  380   1002.00    190.00       380     1
  381   1044.44    191.00       381     1
  382   1008.48    191.00       382     1
  383   998.20    192.00       383     1
  384   1007.01    192.00       384     1
  385   1012.81    193.00       385     1
  386   1016.48    193.00       386     1
  387   1017.55    194.00       387     1
  388   1016.34    194.00       388     1
  389   1008.15    195.00       389     1
  390   1015.67    195.00       390     1
  391   1023.68    196.00       391     1
  392   1025.79    196.00       392     1
  393   1031.58    197.00       393     1
  394   1030.25    197.00       394     1
  395   1037.04    198.00       395     1
  396   1021.82    198.00       396     1
  397   1033.32    199.00       397     1
  398   1027.79    199.00       398     1
  399   1031.15    200.00       399     1
  400   1061.33    200.00       400     1
  401   1031.62    201.00       401     1
  402   1040.20    201.00       402     1
  403   1036.35    202.00       403     1
  404   1032.43    202.00       404     1
  405   1036.84    203.00       405     1
  406   1033.35    203.00       406     1
  407   1043.44    204.00       407     1
  408   1042.16    204.00       408     1
  409   1047.87    205.00       409     1
  410   1047.24    205.00       410     1
  411   1049.32    206.00       411     1
  412   1066.65    206.00       412     1
  413   1061.74    207.00       413     1
  414   1064.37    207.00       414     1
  415   1103.25    208.00       415     1
  416   1058.29    208.00       416     1
  417   1062.30    209.00       417     1
  418   1123.35    209.00       418     1
  419   1082.41    210.00       419     1
  420   1069.79    210.00       420     1
  421   1115.58    211.00       421     1
  422   1075.02    211.00       422     1
  423   1082.93    212.00       423     1
  424   1083.96    212.00       424     1
  425   1077.39    213.00       425     1
  426   1080.70    213.00       426     1
  427   1115.27    214.00       427     1
  428   1078.71    214.00       428     1
  429   1091.82    215.00       429     1
  430   1080.00    215.00       430     1
  431   1085.73    216.00       431     1
  432   1089.70    216.00       432     1
  433   1084.36    217.00       433     1
  434   1095.99    217.00       434     1
  435   1083.06    218.00       435     1
  436   1089.54    218.00       436     1
  437   1102.43    219.00       437     1
  438   1104.47    219.00       438     1
  439   1101.16    220.00       439     1
  440   1094.75    220.00       440     1
  441   1090.36    221.00       441     1
  442   1137.06    221.00       442     1
  443   1166.98    222.00       443     1
  444   1095.90    222.00       444     1
  445   1111.84    223.00       445     1
  446   1103.79    223.00       446     1
  447   1102.57    224.00       447     1
  448   1102.34    224.00       448     1
  449   1100.96    225.00       449     1
  450   1111.07    225.00       450     1
  451   1104.43    226.00       451     1
  452   1112.57    226.00       452     1
  453   1109.45    227.00       453     1
  454   1113.79    227.00       454     1
  455   1118.04    228.00       455     1
  456   1117.19    228.00       456     1
  457   1118.45    229.00       457     1
  458   1116.03    229.00       458     1
  459   1135.38    230.00       459     1
  460   1128.83    230.00       460     1
  461   1132.49    231.00       461     1
  462   1127.40    231.00       462     1
  463   1135.62    232.00       463     1
  464   1128.00    232.00       464     1
  465   1125.61    233.00       465     1
  466   1131.33    233.00       466     1
  467   1133.43    234.00       467     1
  468   1141.47    234.00       468     1
  469   1137.68    235.00       469     1
  470   1136.55    235.00       470     1
  471   1139.53    236.00       471     1
  472   1144.56    236.00       472     1
  473   1156.49    237.00       473     1
  474   1160.97    237.00       474     1
  475   1167.66    238.00       475     1
  476   1177.02    238.00       476     1
  477   1160.17    239.00       477     1
  478   1162.78    239.00       478     1
  479   1169.21    240.00       479     1
  480   1161.17    240.00       480     1
  481   1158.92    241.00       481     1
  482   1175.08    241.00       482     1
  483   1157.31    242.00       483     1
  484   1184.13    242.00       484     1
  485   1162.58    243.00       485     1
  486   1173.46    243.00       486     1
  487   1173.45    244.00       487     1
  488   1169.63    244.00       488     1
  489   1165.19    245.00       489     1
  490   1171.84    245.00       490     1
  491   1162.79    246.00       491     1
  492   1167.32    246.00       492     1
  493   1170.43    247.00       493     1
  494   1176.07    247.00       494     1
  495   1181.35    248.00       495     1
  496   1180.75    248.00       496     1
  497   1181.75    249.00       497     1
  498   1181.08    249.00       498     1
  499   1193.45    250.00       499     1
  500   1192.10    250.00       500     1
  501   1192.71    251.00       501     1
  502   1193.45    251.00       502     1
  503   1192.33    252.00       503     1
  504   1196.41    252.00       504     1
  505   1191.17    253.00       505     1
  506   1192.94    253.00       506     1
  507   1204.99    254.00       507     1
  508   1196.75    254.00       508     1
  509   1207.56    255.00       509     1
  510   1200.98    255.00       510     1
  511   1209.82    256.00       511     1
  512   1197.03    256.00       512     1
  513   1197.62    257.00       513     1
  514   1224.09    257.00       514     1
  515   1216.16    258.00       515     1
  516   1221.51    258.00       516     1
  517   1221.64    259.00       517     1
  518   1224.03    259.00       518     1
  519   1245.57    260.00       519     1
  520   1240.50    260.00       520     1
  521   1288.31    261.00       521     1
  522   1248.62    261.00       522     1
  523   1242.81    262.00       523     1
  524   1229.81    262.00       524     1
  525   1228.42    263.00       525     1
  526   1225.91    263.00       526     1
  527   1229.75    264.00       527     1
  528   1222.80    264.00       528     1
  529   1228.41    265.00       529     1
  530   1233.13    265.00       530     1
  531   1235.24    266.00       531     1
  532   1252.31    266.00       532     1
  533   1233.23    267.00       533     1
  534   1238.50    267.00       534     1
  535   1240.77    268.00       535     1
  536   1244.68    268.00       536     1
  537   1238.70    269.00       537     1
  538   1243.92    269.00       538     1
  539   1241.89    270.00       539     1
  540   1237.09    270.00       540     1
  541   1242.50    271.00       541     1
  542   1242.73    271.00       542     1
  543   1251.23    272.00       543     1
  544   1255.04    272.00       544     1
  545   1265.50    273.00       545     1
  546   1254.30    273.00       546     1
  547   1262.60    274.00       547     1
  548   1257.10    274.00       548     1
  549   1260.69    275.00       549     1
  550   1257.96    275.00       550     1
  551   1251.47    276.00       551     1
  552   1259.15    276.00       552     1
  553   1258.75    277.00       553     1
  554   1270.23    277.00       554     1
  555   1259.84    278.00       555     1
  556   1288.85    278.00       556     1
  557   1269.75    279.00       557     1
  558   1290.68    279.00       558     1
  559   1273.22    280.00       559     1
  560   1278.16    280.00       560     1
  561   1270.43    281.00       561     1
  562   1275.84    281.00       562     1
  563   1270.05    282.00       563     1
  564   1276.81    282.00       564     1
  565   1284.51    283.00       565     1
  566   1277.19    283.00       566     1
  567   1289.66    284.00       567     1
  568   1285.37    284.00       568     1
  569   1288.52    285.00       569     1
  570   1284.00    285.00       570     1
  571   1285.66    286.00       571     1
  572   1287.05    286.00       572     1
  573   1317.63    287.00       573     1
  574   1307.79    287.00       574     1
  575   1338.78    288.00       575     1
  576   1323.58    288.00       576     1
  577   1309.13    289.00       577     1
  578   1334.07    289.00       578     1
  579   1309.69    290.00       579     1
  580   1307.47    290.00       580     1
  581   1311.91    291.00       581     1
  582   1307.65    291.00       582     1
  583   1307.31    292.00       583     1
  584   1305.57    292.00       584     1
  585   1312.75    293.00       585     1
  586   1306.06    293.00       586     1
  587   1323.37    294.00       587     1
  588   1330.12    294.00       588     1
  589   1323.36    295.00       589     1
  590   1325.39    295.00       590     1
  591   1309.27    296.00       591     1
  592   1318.19    296.00       592     1
  593   1327.96    297.00       593     1
  594   1333.54    297.00       594     1
  595   1325.65    298.00       595     1
  596   1326.90    298.00       596     1
  597   1326.10    299.00       597     1
  598   1351.82    299.00       598     1
  599   1340.68    300.00       599     1
  600   1350.93    300.00       600     1
  601   1336.87    301.00       601     1
  602   1346.74    301.00       602     1
  603   1341.06    302.00       603     1
  604   1355.98    302.00       604     1
  605   1340.50    303.00       605     1
  606   1343.84    303.00       606     1
  607   1350.15    304.00       607     1
  608   1364.47    304.00       608     1
  609   1339.10    305.00       609     1
  610   1348.03    305.00       610     1
  611   1343.67    306.00       611     1
  612   1351.62    306.00       612     1
  613   1390.80    307.00       613     1
  614   1357.98    307.00       614     1
  615   1369.85    308.00       615     1
  616   1356.31    308.00       616     1
  617   1358.36    309.00       617     1
  618   1430.61    309.00       618     1
  619   1362.96    310.00       619     1
  620   1360.68    310.00       620     1
  621   1362.66    311.00       621     1
  622   1367.81    311.00       622     1
  623   1398.60    312.00       623     1
  624   1397.07    312.00       624     1
  625   1394.05    313.00       625     1
  626   1402.03    313.00       626     1
  627   1381.55    314.00       627     1
  628   1385.78    314.00       628     1
  629   1391.18    315.00       629     1
  630   1403.49    315.00       630     1
  631   1395.82    316.00       631     1
  632   1384.00    316.00       632     1
  633   1383.63    317.00       633     1
  634   1380.73    317.00       634     1
  635   1383.15    318.00       635     1
  636   1390.27    318.00       636     1
  637   1388.67    319.00       637     1
  638   1399.48    319.00       638     1
  639   1390.59    320.00       639     1
  640   1398.31    320.00       640     1
  641   1398.71    321.00       641     1
  642   1398.41    321.00       642     1
  643   1402.32    322.00       643     1
  644   1403.23    322.00       644     1
  645   1404.98    323.00       645     1
  646   1418.30    323.00       646     1
  647   1422.61    324.00       647     1
  648   1412.44    324.00       648     1
  649   1411.20    325.00       649     1
  650   1414.88    325.00       650     1
  651   1414.44    326.00       651     1
  652   1416.66    326.00       652     1
  653   1417.87    327.00       653     1
  654   1418.59    327.00       654     1
  655   1424.26    328.00       655     1
  656   1421.48    328.00       656     1
  657   1423.55    329.00       657     1
  658   1430.88    329.00       658     1
  659   1423.10    330.00       659     1
  660   1424.76    330.00       660     1
  661   1436.81    331.00       661     1
  662   1425.44    331.00       662     1
  663   1456.67    332.00       663     1
  664   1430.95    332.00       664     1
  665   1451.79    333.00       665     1
  666   1488.56    333.00       666     1
  667   1483.52    334.00       667     1
  668   1454.79    334.00       668     1
  669   1442.29    335.00       669     1
  670   1442.81    335.00       670     1
  671   1462.01    336.00       671     1
  672   1447.63    336.00       672     1
  673   1446.42    337.00       673     1
  674   1451.31    337.00       674     1
  675   1456.95    338.00       675     1
  676   1445.28    338.00       676     1
  677   1450.77    339.00       677     1
  678   1452.43    339.00       678     1
  679   1451.96    340.00       679     1
  680   1470.75    340.00       680     1
  681   1451.67    341.00       681     1
  682   1466.80    341.00       682     1
  683   1455.43    342.00       683     1
  684   1458.99    342.00       684     1
  685   1460.19    343.00       685     1
  686   1469.45    343.00       686     1
  687   1471.60    344.00       687     1
  688   1498.59    344.00       688     1
  689   1489.65    345.00       689     1
  690   1465.88    345.00       690     1
  691   1465.83    346.00       691     1
  692   1469.71    346.00       692     1
  693   1467.14    347.00       693     1
  694   1486.99    347.00       694     1
  695   1491.74    348.00       695     1
  696   1523.53    348.00       696     1
  697   1510.19    349.00       697     1
  698   1493.54    349.00       698     1
  699   1494.22    350.00       699     1
  700   1503.53    350.00       700     1
  701   1520.66    351.00       701     1
  702   1495.85    351.00       702     1
  703   1490.37    352.00       703     1
  704   1514.70    352.00       704     1
  705   1498.10    353.00       705     1
  706   1491.49    353.00       706     1
  707   1499.69    354.00       707     1
  708   1516.05    354.00       708     1
  709   1533.70    355.00       709     1
  710   1522.82    355.00       710     1
  711   1516.75    356.00       711     1
  712   1497.74    356.00       712     1
  713   1509.37    357.00       713     1
  714   1511.64    357.00       714     1
  715   1510.43    358.00       715     1
  716   1534.78    358.00       716     1
  717   1508.62    359.00       717     1
  718   1515.58    359.00       718     1
  719   1533.69    360.00       719     1
  720   1514.15    360.00       720     1
  721   1512.75    361.00       721     1
  722   1518.39    361.00       722     1
  723   1519.16    362.00       723     1
  724   1536.48    362.00       724     1
  725   1517.72    363.00       725     1
  726   1521.71    363.00       726     1
  727   1532.37    364.00       727     1
  728   1526.25    364.00       728     1
  729   1529.96    365.00       729     1
  730   1528.95    365.00       730     1
  731   1526.39    366.00       731     1
  732   1529.92    366.00       732     1
  733   1527.19    367.00       733     1
  734   1532.04    367.00       734     1
  735   1534.35    368.00       735     1
  736   1564.71    368.00       736     1
  737   1539.32    369.00       737     1
  738   1548.01    369.00       738     1
  739   1544.34    370.00       739     1
  740   1565.61    370.00       740     1
  741   1549.80    371.00       741     1
  742   1557.51    371.00       742     1
  743   1574.01    372.00       743     1
  744   1577.28    372.00       744     1
  745   1553.95    373.00       745     1
  746   1557.43    373.00       746     1
  747   1548.43    374.00       747     1
  748   1559.63    374.00       748     1
  749   1561.87    375.00       749     1
  750   1567.44    375.00       750     1
  751   1556.64    376.00       751     1
  752   1564.53    376.00       752     1
  753   1559.31    377.00       753     1
  754   1560.73    377.00       754     1
  755   1564.94    378.00       755     1
  756   1567.70    378.00       756     1
  757   1567.60    379.00       757     1
  758   1564.68    379.00       758     1
  759   1566.23    380.00       759     1
  760   1565.99    380.00       760     1
  761   1593.21    381.00       761     1
  762   1579.38    381.00       762     1
  763   1592.16    382.00       763     1
  764   1582.07    382.00       764     1
  765   1593.06    383.00       765     1
  766   1584.37    383.00       766     1
  767   1586.96    384.00       767     1
  768   1586.16    384.00       768     1
  769   1591.12    385.00       769     1
  770   1603.57    385.00       770     1
  771   1595.32    386.00       771     1
  772   1595.31    386.00       772     1
  773   1595.11    387.00       773     1
  774   1663.53    387.00       774     1
  775   1610.00    388.00       775     1
  776   1603.18    388.00       776     1
  777   1602.11    389.00       777     1
  778   1613.65    389.00       778     1
  779   1607.14    390.00       779     1
  780   1606.97    390.00       780     1
  781   1617.81    391.00       781     1
  782   1631.02    391.00       782     1
  783   1610.73    392.00       783     1
  784   1610.69    392.00       784     1
  785   1606.28    393.00       785     1
  786   1607.57    393.00       786     1
  787   1612.05    394.00       787     1
  788   1620.69    394.00       788     1
  789   1634.96    395.00       789     1
  790   1619.46    395.00       790     1
  791   1626.62    396.00       791     1
  792   1613.03    396.00       792     1
  793   1617.12    397.00       793     1
  794   1629.94    397.00       794     1
  795   1623.77    398.00       795     1
  796   1626.01    398.00       796     1
  797   1629.00    399.00       797     1
  798   1624.34    399.00       798     1
  799   1625.22    400.00       799     1
  800   1631.34    400.00       800     1
  801   1633.13    401.00       801     1
  802   1637.82    401.00       802     1
  803   1648.54    402.00       803     1
  804   1636.79    402.00       804     1
  805   1655.86    403.00       805     1
  806   1668.91    403.00       806     1
  807   1646.17    404.00       807     1
  808   1662.39    404.00       808     1
  809   1646.06    405.00       809     1
  810   1642.69    405.00       810     1
  811   1644.85    406.00       811     1
  812   1650.43    406.00       812     1
  813   1651.21    407.00       813     1
  814   1654.62    407.00       814     1
  815   1659.28    408.00       815     1
  816   1653.54    408.00       816     1
  817   1654.05    409.00       817     1
  818   1665.72    409.00       818     1
  819   1669.29    410.00       819     1
  820   1680.93    410.00       820     1
  821   1677.92    411.00       821     1
  822   1737.66    411.00       822     1
  823   1759.43    412.00       823     1
  824   1688.83    412.00       824     1
  825   1687.52    413.00       825     1
  826   1680.92    413.00       826     1
  827   1685.10    414.00       827     1
  828   1679.87    414.00       828     1
  829   1685.69    415.00       829     1
  830   1706.10    415.00       830     1
  831   1690.07    416.00       831     1
  832   1687.45    416.00       832     1
  833   1694.71    417.00       833     1
  834   1690.24    417.00       834     1
  835   1687.96    418.00       835     1
  836   1696.33    418.00       836     1
  837   1717.91    419.00       837     1
  838   1730.51    419.00       838     1
  839   1723.67    420.00       839     1
  840   1709.92    420.00       840     1
  841   1722.52    421.00       841     1
  842   1697.32    421.00       842     1
  843   1694.45    422.00       843     1
  844   1691.40    422.00       844     1
  845   1695.28    423.00       845     1
  846   1706.95    423.00       846     1
  847   1706.01    424.00       847     1
  848   1727.92    424.00       848     1
  849   1732.31    425.00       849     1
  850   1702.64    425.00       850     1
  851   1707.73    426.00       851     1
  852   1710.92    426.00       852     1
  853   1713.15    427.00       853     1
  854   1743.20    427.00       854     1
  855   1734.43    428.00       855     1
  856   1732.41    428.00       856     1
  857   1738.75    429.00       857     1
  858   1734.79    429.00       858     1
  859   1745.27    430.00       859     1
  860   1741.34    430.00       860     1
  861   1740.29    431.00       861     1
  862   1770.37    431.00       862     1
  863   1762.10    432.00       863     1
  864   1739.99    432.00       864     1
  865   1742.39    433.00       865     1
  866   1736.41    433.00       866     1
  867   1747.31    434.00       867     1
  868   1761.98    434.00       868     1
  869   1757.30    435.00       869     1
  870   1761.54    435.00       870     1
  871   1755.64    436.00       871     1
  872   1760.25    436.00       872     1
  873   1802.34    437.00       873     1
  874   1773.84    437.00       874     1
  875   1775.29    438.00       875     1
  876   1757.53    438.00       876     1
  877   1752.98    439.00       877     1
  878   1777.41    439.00       878     1
  879   1784.36    440.00       879     1
  880   1771.47    440.00       880     1
  881   1762.97    441.00       881     1
  882   1762.35    441.00       882     1
  883   1778.74    442.00       883     1
  884   1783.63    442.00       884     1
  885   1776.69    443.00       885     1
  886   1770.20    443.00       886     1
  887   1768.23    444.00       887     1
  888   1782.09    444.00       888     1
  889   1806.02    445.00       889     1
  890   1839.01    445.00       890     1
  891   1844.77    446.00       891     1
  892   1844.48    446.00       892     1
  893   1865.71    447.00       893     1
  894   1841.23    447.00       894     1
  895   1847.99    448.00       895     1
  896   1862.17    448.00       896     1
  897   1895.57    449.00       897     1
  898   1857.84    449.00       898     1
  899   1843.43    450.00       899     1
  900   1851.58    450.00       900     1
  901   1871.63    451.00       901     1
  902   1957.43    451.00       902     1
  903   1888.07    452.00       903     1
  904   1897.81    452.00       904     1
  905   1849.34    453.00       905     1
  906   1835.12    453.00       906     1
  907   1824.31    454.00       907     1
  908   1796.29    454.00       908     1
  909   1800.32    455.00       909     1
  910   1800.03    455.00       910     1
  911   1800.63    456.00       911     1
  912   1811.91    456.00       912     1
  913   1797.01    457.00       913     1
  914   1816.90    457.00       914     1
  915   1814.56    458.00       915     1
  916   1809.88    458.00       916     1
  917   1817.14    459.00       917     1
  918   1819.52    459.00       918     1
  919   1824.39    460.00       919     1
  920   1809.63    460.00       920     1
  921   1805.01    461.00       921     1
  922   1819.06    461.00       922     1
  923   1819.70    462.00       923     1
  924   1836.74    462.00       924     1
  925   1820.10    463.00       925     1
  926   1821.57    463.00       926     1
  927   1822.77    464.00       927     1
  928   1828.37    464.00       928     1
  929   1835.94    465.00       929     1
  930   1833.34    465.00       930     1
  931   1833.15    466.00       931     1
  932   1851.70    466.00       932     1
  933   1853.26    467.00       933     1
  934   1845.35    467.00       934     1
  935   1834.99    468.00       935     1
  936   1844.21    468.00       936     1
  937   1881.15    469.00       937     1
  938   1886.50    469.00       938     1
  939   1841.53    470.00       939     1
  940   1842.95    470.00       940     1
  941   1867.93    471.00       941     1
  942   1867.27    471.00       942     1
  943   1862.93    472.00       943     1
  944   1844.76    472.00       944     1
  945   1853.26    473.00       945     1
  946   1880.82    473.00       946     1
  947   1911.77    474.00       947     1
  948   1890.25    474.00       948     1
  949   1890.87    475.00       949     1
  950   1879.59    475.00       950     1
  951   1857.62    476.00       951     1
  952   1870.11    476.00       952     1
  953   1877.45    477.00       953     1
  954   1895.12    477.00       954     1
  955   1888.26    478.00       955     1
  956   1906.54    478.00       956     1
  957   1885.27    479.00       957     1
  958   1882.88    479.00       958     1
  959   1892.52    480.00       959     1
  960   1879.65    480.00       960     1
  961   1902.91    481.00       961     1
  962   1913.95    481.00       962     1
  963   1883.18    482.00       963     1
  964   1889.49    482.00       964     1
  965   1900.17    483.00       965     1
  966   1889.28    483.00       966     1
  967   1885.69    484.00       967     1
  968   1893.09    484.00       968     1
  969   1889.85    485.00       969     1
  970   1887.30    485.00       970     1
  971   1891.06    486.00       971     1
  972   1910.37    486.00       972     1
  973   1936.02    487.00       973     1
  974   1904.51    487.00       974     1
  975   1910.93    488.00       975     1
  976   1920.15    488.00       976     1
  977   1923.48    489.00       977     1
  978   1940.36    489.00       978     1
  979   1958.48    490.00       979     1
  980   1932.91    490.00       980     1
  981   1941.23    491.00       981     1
  982   1932.63    491.00       982     1
  983   1932.14    492.00       983     1
  984   1931.87    492.00       984     1
  985   1944.47    493.00       985     1
  986   1954.71    493.00       986     1
  987   1930.24    494.00       987     1
  988   1937.12    494.00       988     1
  989   1931.69    495.00       989     1
  990   1944.88    495.00       990     1
  991   1937.28    496.00       991     1
  992   1946.35    496.00       992     1
  993   1960.36    497.00       993     1
  994   1954.06    497.00       994     1
  995   1946.77    498.00       995     1
  996   1941.83    498.00       996     1
  997   1976.21    499.00       997     1
  998   1995.85    499.00       998     1
  999   1954.94    500.00       999     1
  1000   1955.64    500.00       1000     1
